1800
2795
2810
2809
2822
2851
2826
2837
2843
2870
2834
2867
2870
2864
2865
2876
2883
2862
2904
2896
2910
2901
2912
2907
2901
2920
2926
2925
2922
2918
2936
2931
2941
2934
2942
2943
2943
2945
2942
2960
2942
2962
2945
2954
2943
2954
2950
2957
2974
2961
2973
2965
2968
2975
2978
2971
2961
2972
2971
2970
2974
2973
2972
2980
2980
2977
2985
2982
2990
2977
2983
2989
2983
2980
2988
2983
2977
2980
2993
2981
2991
2993
2993
2982
2988
2986
2987
2994
2990
2992
2995
2993
2988
2990
2993
2992
2996
2994
2990
2996
2992
2988
2989
2992
2989
2997
2998
2993
2998
2993
2998
2995
2995
2997
2997
2999
2995
2998
2996
2996
2999
2995
2999
2997
2995
2992
2998
2996
2998
2998
3000
2998
2998
2998
2997
2998
2997
3000
2997
2999
2997
2998
2999
2996
3000
2997
2998
2999
2999
2999
2998
2998
2999
3000
2997
3000
2999
2996
2998
2999
3000
2999
2999
2999
3000
2999
2998
2997
2999
2998
3000
3000
2999
3000
3000
2998
3000
3000
3000
2999
2999
2999
3000
3000
3000
3000
2999
2999
3000
3000
3000
2997
2999
2999
3000
3000
2999
2999
3000
3000
2999
2999
2998
3000
2999
3000
3000
2999
2999
2999
3000
3000
3000
3000
2999
3000
3000
3000
3000
2998
3000
3000
3000
3000
3000
2999
3000
3000
3000
3000
3000
3000
3000
2999
3000
3000
2999
2999
3000
3000
3000
3000
3000
3000
3000
3000
3000
3000
3000
3000
3000
3000
3000
3000
3000
2999
3000
3000
3000
3000
3000
3000
3000
3000
3000
3000
3000
3000
3000
3000
3000
3000
3000
3000
3000
2999
3000
3000
3000
3000
3000
3000
3000
3000
3000
3000
3000
3000
3000
3000
3000
3000
3000
3000
3000
3000
3000
3000
3000
3000
3000
3000
3000
3000
3000
3000
3000
3000
3000
3000
3000
3000
3000
3000
3000
3000
3000
3000
3000
3000
3000
3000
3000
3000
3000
3000
3000
3000
3000
3000
3000
3000
3000
3000
3000
3000
3000
3000
3000
3000
3000
3000
3000
3000
3000
3000
3000
3000
3000
3000
3000
3000
3000
3000
3000
3000
3000
3000
3000
3000
3000
3000
3000
3000
3000
3000
3000
3000
3000
3000
3000
2999
3000
3000
3000
3000
3000
3000
3000
3000
3000
3000
3000
3000
3000
3000
3000
3000
3000
3000
3000
3000
3000
3000
3000
3000
3000
3000
3000
3000
3000
3000
3000
3000
3000
3000
3000
3000
3000
3000
3000
3000
3000
3000
3000
3000
3000
3000
3000
3000
3000
3000
2999
2999
3000
3000
3000
3000
3000
3000
3000
3000
3000
3000
3000
3000
3000
3000
3000
3000
3000
3000
3000
3000
3000
3000
3000
3000
3000
3000
3000
3000
3000
3000
3000
3000
3000
3000
3000
3000
3000
3000
3000
3000
3000
2999
3000
3000
3000
3000
3000
3000
3000
3000
3000
3000
3000
3000
3000
3000
3000
3000
3000
2999
3000
3000
2999
3000
2999
3000
3000
2999
3000
3000
3000
3000
3000
3000
3000
2999
3000
3000
3000
3000
3000
3000
3000
3000
3000
3000
3000
3000
2999
2999
3000
3000
3000
3000
3000
3000
3000
3000
3000
3000
3000
3000
3000
3000
3000
3000
3000
3000
2999
3000
3000
2999
3000
3000
2999
3000
3000
3000
3000
3000
3000
3000
3000
3000
3000
3000
3000
3000
3000
3000
3000
3000
3000
3000
3000
3000
3000
3000
3000
3000
3000
3000
3000
3000
3000
2999
3000
2998
3000
3000
3000
3000
3000
3000
3000
3000
3000
3000
3000
3000
3000
3000
3000
3000
3000
3000
3000
3000
3000
3000
3000
3000
3000
3000
2998
3000
3000
3000
3000
2999
3000
3000
3000
3000
3000
3000
2999
3000
3000
3000
3000
3000
3000
2999
3000
3000
3000
3000
3000
3000
3000
3000
3000
3000
3000
3000
3000
2999
3000
3000
2998
3000
3000
2999
3000
3000
3000
3000
3000
3000
3000
2999
3000
3000
2999
3000
2999
3000
3000
2999
3000
3000
3000
3000
3000
3000
3000
3000
3000
3000
2999
2999
3000
2999
3000
3000
2999
3000
3000
3000
3000
2997
3000
3000
3000
2999
3000
3000
3000
3000
3000
3000
2999
3000
3000
3000
3000
3000
3000
3000
3000
3000
2999
3000
3000
3000
3000
2999
3000
2999
3000
3000
3000
3000
3000
3000
3000
3000
3000
3000
3000
3000
3000
3000
3000
3000
2999
3000
3000
2999
3000
3000
3000
3000
3000
2998
3000
3000
2999
3000
3000
3000
3000
3000
3000
3000
3000
3000
3000
3000
3000
2999
3000
3000
3000
3000
3000
3000
2999
2999
3000
3000
2999
3000
2999
3000
3000
3000
3000
2999
3000
3000
3000
3000
3000
2999
2999
3000
3000
3000
2999
2999
3000
3000
3000
3000
3000
3000
3000
3000
3000
3000
2999
3000
3000
3000
3000
3000
2999
3000
2999
2999
2999
3000
3000
3000
3000
2997
3000
3000
2999
3000
2999
2999
3000
3000
3000
3000
3000
3000
3000
3000
3000
3000
3000
3000
2999
3000
2999
3000
3000
2999
2999
3000
3000
2999
3000
3000
3000
3000
3000
3000
3000
3000
3000
3000
3000
3000
3000
2999
3000
2998
3000
2998
3000
2999
3000
3000
2999
3000
3000
2999
3000
3000
2999
3000
3000
3000
3000
3000
3000
3000
2999
3000
2999
3000
3000
3000
3000
2999
2999
3000
2999
3000
2999
2998
3000
3000
2999
3000
2999
3000
3000
2999
2999
3000
3000
3000
3000
2999
2999
3000
3000
3000
3000
3000
3000
3000
3000
2999
3000
3000
3000
3000
3000
3000
3000
3000
2999
3000
2998
3000
3000
3000
3000
3000
3000
3000
3000
3000
3000
3000
3000
3000
3000
2999
2999
3000
2999
3000
3000
3000
2999
3000
2999
3000
3000
3000
2999
3000
3000
3000
3000
2999
3000
3000
3000
2999
3000
2999
2999
3000
3000
3000
3000
3000
3000
2999
2999
3000
3000
3000
3000
3000
3000
3000
3000
3000
3000
3000
3000
3000
3000
3000
2999
3000
2999
3000
3000
3000
3000
3000
3000
3000
2999
2999
3000
2999
3000
3000
3000
3000
3000
3000
3000
3000
2999
3000
3000
3000
2999
3000
3000
3000
3000
3000
3000
3000
3000
3000
3000
3000
2998
3000
3000
2999
2999
3000
2999
3000
3000
3000
3000
3000
3000
3000
3000
3000
3000
3000
3000
3000
3000
3000
3000
3000
3000
2999
3000
3000
3000
3000
3000
3000
3000
2999
3000
2998
3000
3000
3000
3000
3000
2999
3000
3000
3000
3000
3000
3000
3000
3000
3000
2999
3000
3000
3000
3000
3000
3000
3000
2999
3000
3000
3000
3000
3000
3000
3000
3000
3000
3000
3000
3000
2999
3000
3000
3000
3000
3000
2999
3000
3000
3000
3000
3000
3000
3000
3000
2999
3000
3000
3000
2999
3000
3000
3000
3000
3000
3000
3000
2999
3000
3000
3000
3000
3000
3000
3000
2999
3000
3000
3000
3000
3000
3000
3000
3000
3000
3000
3000
3000
3000
3000
3000
3000
3000
2999
3000
3000
3000
3000
3000
3000
3000
3000
3000
3000
3000
3000
3000
3000
3000
3000
3000
3000
3000
3000
3000
3000
3000
3000
3000
3000
3000
3000
3000
3000
3000
3000
3000
3000
3000
3000
3000
3000
3000
3000
3000
3000
3000
3000
3000
3000
3000
3000
3000
3000
3000
3000
3000
3000
3000
3000
3000
3000
3000
3000
3000
2999
3000
3000
3000
3000
3000
3000
3000
3000
3000
3000
3000
3000
3000
3000
3000
3000
3000
3000
3000
3000
3000
3000
3000
3000
3000
3000
3000
3000
3000
3000
3000
3000
2999
3000
3000
3000
3000
3000
3000
3000
2999
3000
3000
2999
3000
3000
3000
3000
3000
3000
3000
3000
3000
3000
3000
3000
3000
3000
3000
3000
3000
3000
3000
3000
3000
3000
3000
3000
3000
3000
3000
3000
3000
3000
3000
3000
3000
3000
3000
3000
3000
3000
3000
3000
3000
3000
3000
3000
3000
3000
3000
3000
3000
3000
3000
3000
3000
3000
3000
3000
3000
3000
3000
3000
3000
3000
3000
3000
3000
3000
3000
3000
3000
3000
3000
3000
3000
3000
3000
3000
3000
3000
3000
3000
3000
3000
3000
3000
3000
3000
3000
3000
3000
3000
3000
3000
3000
3000
3000
3000
3000
3000
3000
3000
3000
3000
3000
3000
3000
3000
3000
3000
3000
3000
3000
3000
3000
3000
3000
3000
3000
3000
3000
3000
3000
3000
3000
3000
3000
3000
3000
3000
3000
3000
3000
3000
3000
3000
3000
3000
3000
3000
3000
3000
3000
3000
3000
3000
3000
3000
3000
3000
3000
3000
3000
3000
3000
3000
3000
3000
3000
3000
3000
3000
3000
3000
3000
3000
3000
3000
3000
3000
3000
3000
3000
3000
3000
3000
3000
3000
3000
3000
3000
3000
3000
3000
3000
3000
3000
3000
3000
3000
3000
3000
3000
3000
3000
3000
3000
3000
2999
3000
3000
3000
3000
3000
3000
3000
3000
3000
3000
3000
3000
3000
3000
3000
3000
3000
3000
3000
3000
3000
3000
3000
3000
3000
3000
3000
3000
3000
3000
3000
3000
3000
3000
3000
3000
3000
3000
3000
3000
3000
3000
3000
3000
3000
3000
3000
3000
3000
3000
3000
3000
3000
3000
3000
3000
3000
3000
3000
3000
3000
3000
3000
3000
3000
3000
3000
3000
3000
3000
3000
3000
3000
3000
3000
3000
3000
3000
3000
3000
3000
3000
3000
3000
3000
3000
3000
3000
3000
3000
3000
3000
3000
3000
3000
3000
3000
3000
3000
3000
3000
3000
3000
3000
3000
3000
3000
3000
3000
3000
3000
3000
3000
3000
3000
3000
3000
3000
3000
3000
3000
3000
3000
3000
3000
3000
3000
3000
3000
3000
3000
3000
3000
3000
3000
3000
3000
3000
3000
3000
3000
3000
3000
3000
3000
3000
3000
3000
3000
3000
3000
3000
3000
3000
3000
3000
3000
3000
3000
3000
3000
3000
3000
3000
3000
3000
3000
3000
3000
3000
3000
3000
3000
3000
3000
3000
3000
3000
3000
3000
3000
3000
3000
3000
3000
3000
3000
3000
3000
3000
3000
3000
3000
3000
3000
3000
3000
3000
3000
3000
3000
3000
3000
3000
3000
3000
3000
3000
3000
3000
3000
3000
3000
3000
3000
3000
3000
3000
3000
3000
3000
3000
3000
3000
3000
3000
3000
3000
3000
3000
3000
3000
3000
3000
3000
3000
3000
3000
3000
3000
3000
3000
3000
3000
3000
3000
3000
3000
3000
3000
3000
3000
3000
3000
3000
3000
3000
3000
3000
3000
3000
3000
3000
3000
3000
3000
3000
3000
3000
3000
3000
3000
3000
3000
3000
3000
3000
3000
3000
3000
3000
3000
3000
3000
3000
3000
3000
3000
3000
3000
3000
3000
3000
3000
3000
3000
3000
3000
3000
3000
3000
3000
3000
3000
3000
3000
3000
3000
3000
3000
3000
3000
3000
3000
3000
3000
3000
3000
3000
3000
3000
3000
3000
3000
3000
3000
3000
3000
3000
3000
3000
3000
3000
3000
3000
3000
3000
3000
3000
3000
3000
3000
3000
3000
3000
3000
3000
3000
3000
3000
3000
3000
3000
3000
3000
3000
