501
  3
  0
0.2000000000000
0.2000000000000
0.7000000000000
0.4000000000000
0.2000000000000
0.9990000000000
140.0000000000000
180.0000000000000
800.0000000000000
520.0000000000000
0.0002000000000
0.0000025000000
0.0200000000000
0.0125000000000
0.0040000000000
0.0085000000000
0.0300000000000
0.0025000000000
0.0300000000000
0.0025000000000
0.0070000000000
0.0040000000000
0.0085000000000
0.0300000000000
0.0300000000000
0.0010000000000
80.0000000000000
0.0005000000000
0.0000050000000
0.9990000000000
