1905
1833
1814
1757
1757
1707
1664
1659
1633
1562
1572
1553
1542
1510
1507
1478
1487
1455
1455
1425
1418
1384
1404
1389
1367
1368
1358
1361
1345
1332
1331
1344
1317
1298
1322
1316
1276
1289
1294
1262
1272
1279
1279
1264
1258
1253
1251
1251
1246
1250
1244
1241
1227
1229
1229
1221
1228
1208
1228
1206
1205
1213
1209
1212
1202
1198
1198
1205
1193
1188
1182
1187
1184
1179
1187
1188
1187
1189
1178
1183
1168
1171
1168
1165
1169
1174
1165
1161
1162
1162
1161
1163
1155
1148
1153
1148
1151
1151
1149
1156
1142
1143
1144
1140
1148
1139
1135
1134
1134
1133
1131
1133
1130
1129
1128
1123
1131
1126
1118
1127
1125
1123
1121
1127
1116
1121
1123
1114
1114
1118
1113
1108
1112
1110
1111
1112
1108
1108
1104
1104
1103
1102
1102
1104
1100
1103
1098
1097
1102
1095
1094
1094
1096
1095
1090
1087
1087
1085
1082
1092
1090
1084
1082
1087
1075
1080
1086
1085
1079
1077
1082
1078
1074
1084
1072
1076
1073
1070
1075
1070
1065
1076
1078
1072
1068
1065
1065
1065
1064
1065
1058
1056
1061
1060
1055
1057
1056
1057
1061
1059
1051
1053
1053
1052
1049
1050
1057
1047
1044
1045
1045
1047
1040
1048
1051
1036
1042
1044
1046
1036
1040
1037
1044
1034
1036
1035
1041
1031
1032
1032
1033
1032
1033
1032
1031
1029
1035
1030
1032
1025
1025
1022
1023
1025
1014
1014
1027
1017
1020
1015
1012
1013
1015
1010
1021
1017
1013
1016
1009
1006
1011
1008
1011
1012
1003
1018
1013
1006
1006
1002
1001
1008
999
1004
1003
1005
1000
1000
1004
999
994
993
996
997
993
995
992
990
987
991
993
992
993
985
998
990
986
989
990
993
988
993
991
986
986
988
983
980
983
976
982
979
983
973
981
985
978
971
981
972
974
974
974
973
969
975
967
975
967
971
971
967
973
964
972
972
967
969
963
958
971
968
964
956
958
959
955
953
958
961
959
952
959
953
960
963
950
951
955
950
951
956
947
953
957
954
956
952
953
947
947
950
945
946
944
943
948
947
940
944
948
943
940
939
934
946
939
940
937
942
938
937
941
941
942
929
932
928
935
940
929
939
932
941
930
934
932
935
931
934
932
931
926
928
931
929
930
924
932
927
922
930
922
926
927
922
923
925
925
922
927
922
923
920
920
919
924
922
921
918
914
923
916
923
914
919
913
916
922
910
912
913
916
913
917
916
914
909
906
906
908
908
910
905
906
913
913
908
912
905
906
905
907
910
905
908
901
908
906
904
899
903
908
905
902
900
896
899
899
901
903
903
894
901
899
894
901
898
899
903
901
900
898
897
895
894
891
892
897
896
892
897
894
890
890
893
891
890
892
894
889
890
890
890
886
887
888
885
892
887
886
883
885
887
887
886
886
885
893
881
882
881
880
890
880
886
885
880
889
880
880
882
876
883
880
881
879
877
884
884
874
880
878
875
876
881
878
877
878
885
873
874
871
878
873
872
872
870
866
878
875
877
876
877
871
866
871
868
871
871
872
876
871
873
873
873
872
872
868
872
871
867
870
867
867
864
867
868
859
865
870
863
867
867
869
865
869
866
867
863
862
868
865
863
864
863
866
857
861
864
868
861
856
863
865
856
857
866
859
858
861
858
854
857
860
858
862
860
857
861
856
855
858
852
855
858
858
857
855
865
861
858
851
862
850
853
858
855
851
854
849
853
854
852
848
848
853
846
852
849
851
850
846
851
849
844
850
845
853
850
844
844
852
847
846
847
851
844
848
844
847
843
848
839
843
844
847
839
849
843
843
835
848
841
842
837
838
844
848
841
848
840
840
843
844
840
842
839
845
833
836
838
842
844
843
847
839
837
842
842
837
842
839
838
836
834
839
844
839
837
840
839
837
838
835
835
839
837
838
834
832
836
831
833
837
834
835
832
828
837
835
835
830
833
835
832
833
836
833
833
836
831
831
831
831
825
829
829
831
827
825
829
830
823
823
831
827
826
829
825
829
832
831
828
825
829
829
825
828
822
825
831
824
822
823
823
822
823
821
826
822
828
822
817
828
822
829
826
828
821
822
825
824
826
825
823
821
825
819
821
825
825
819
823
825
822
820
818
817
822
822
822
822
818
818
823
821
824
818
819
819
823
819
820
813
816
813
815
818
818
816
819
821
819
819
815
816
818
816
816
810
818
809
815
814
816
812
810
815
818
812
812
816
812
803
814
816
813
819
815
811
811
813
813
809
813
808
814
811
810
811
808
815
810
811
806
811
811
807
807
811
807
807
810
806
806
810
804
804
810
810
808
804
806
811
811
806
812
808
808
804
806
805
801
803
809
807
811
805
805
803
807
808
801
807
799
802
803
809
805
805
808
809
797
799
801
804
801
805
805
802
802
803
803
811
808
798
802
802
802
801
800
806
798
797
800
803
801
796
799
797
800
810
799
797
799
799
794
795
802
801
795
798
791
797
798
792
797
799
796
794
802
796
797
793
797
794
793
794
795
793
793
799
793
793
803
796
796
794
795
791
795
792
795
792
791
795
791
790
792
791
797
792
795
789
793
792
791
790
787
793
787
788
788
793
793
783
789
787
790
790
792
786
782
787
789
794
793
794
790
791
782
788
789
784
787
790
786
789
789
789
787
785
786
787
791
784
783
781
781
791
781
783
781
783
788
789
788
781
790
789
789
782
783
786
788
782
780
780
781
781
783
782
778
784
779
786
777
784
775
779
782
781
782
774
781
782
781
780
784
785
779
780
780
780
780
777
771
779
775
779
781
780
779
776
781
783
772
772
780
778
777
777
779
779
780
776
774
780
781
775
779
779
777
776
778
780
782
772
777
776
772
772
776
773
771
773
771
773
778
770
771
777
774
770
772
775
777
769
774
769
774
775
769
772
768
768
773
772
769
770
769
770
767
771
771
768
771
769
767
770
768
772
771
768
771
768
774
768
767
766
771
768
773
765
766
763
761
768
763
764
761
767
766
764
763
763
764
767
767
765
764
761
765
762
764
767
764
761
760
765
763
761
768
763
761
768
764
762
764
762
765
764
764
761
762
763
761
766
763
765
759
765
762
757
759
756
758
763
758
759
761
759
757
757
757
756
760
757
759
757
758
758
757
755
757
757
754
764
758
753
758
756
761
757
760
755
753
755
754
755
757
758
760
752
754
760
752
757
757
762
754
754
755
755
756
755
754
754
752
762
748
754
752
747
752
753
748
748
749
750
753
751
753
754
755
750
749
748
749
750
746
749
750
748
749
752
749
745
749
751
749
747
748
749
743
746
744
746
744
747
746
745
743
748
742
744
743
750
748
745
751
739
742
746
744
745
747
746
741
746
744
743
746
740
743
749
740
741
741
740
741
740
740
740
741
745
741
738
739
738
740
741
740
744
739
743
739
743
738
740
742
743
740
742
741
739
738
739
738
741
739
736
736
738
736
738
737
737
736
734
738
735
738
739
741
737
732
736
736
734
738
736
736
736
738
737
737
734
740
735
732
730
735
731
738
731
728
734
731
738
735
733
725
737
735
733
732
730
729
734
732
731
731
728
737
731
731
725
731
729
731
729
729
729
728
730
727
725
727
732
730
728
730
722
726
727
730
726
732
726
726
727
730
726
725
726
726
728
731
728
725
725
725
724
727
726
726
728
724
726
724
721
724
722
723
727
725
725
727
722
726
723
723
726
721
722
725
723
721
719
725
725
718
721
721
718
722
721
718
721
719
718
721
721
719
719
723
720
720
719
719
722
718
719
719
720
716
721
718
715
721
716
718
718
718
716
714
718
717
719
715
716
716
720
716
713
715
716
713
714
717
713
713
713
714
712
712
714
714
714
712
711
716
712
709
712
712
710
712
716
715
713
709
712
713
713
713
710
710
712
716
711
710
705
708
711
707
707
712
710
710
712
707
710
707
709
709
708
706
709
705
707
710
709
706
707
708
707
707
709
705
706
703
706
707
705
705
706
702
705
704
703
702
707
707
701
705
704
707
703
702
701
703
697
705
703
703
702
703
701
703
701
704
698
701
701
701
702
697
695
699
697
698
702
698
697
696
703
700
698
700
696
699
699
695
694
696
697
700
698
695
698
696
696
694
701
696
694
697
695
695
696
695
694
693
693
696
697
695
693
696
696
694
688
695
696
695
696
696
691
697
695
697
692
693
692
691
692
694
693
694
689
689
693
689
692
690
688
688
689
688
691
687
689
693
687
689
684
690
688
686
687
690
690
687
689
691
689
685
690
685
686
688
688
686
686
690
688
688
