 3695 20.10 
 3730 20.10 
 3765 20.10 
 3800 20.10 
 3834 20.10 
 3868 20.10 
 3903 20.10 
 3938 20.10 
 3973 20.10 
 4008 20.10 
 4043 20.10 
 4078 20.10 
 4113 20.10 
 4148 20.10 
 4183 20.10 
 4218 20.10 
 4253 20.10 
 4288 20.10 
 4322 20.10 
 4356 20.10 
 4390 20.10 
 4424 20.10 
 4459 20.10 
 4494 20.10 
 4530 20.10 
 4565 20.10 
 4599 20.10 
 4633 20.10 
 4668 20.10 
 4703 20.10 
 4738 20.10 
 4773 20.10 
 4807 20.10 
 4842 20.10 
 4877 20.10 
 4912 20.10 
 4947 20.10 
 4982 20.10 
 5017 20.10 
 5052 20.10 
 5086 20.10 
 5121 20.10 
 5155 20.10 
 5189 20.10 
 5223 20.10 
 5257 20.10 
 5291 20.10 
 5325 20.10 
 5360 20.10 
 5395 20.10 
 5429 20.10 
 5464 20.10 
 5499 20.10 
 5533 20.10 
 5567 20.10 
 5601 20.10 
 5635 20.10 
 5669 20.10 
 5704 20.10 
 5739 20.10 
 2590 20.30 
 2625 20.30 
 2660 20.30 
 2695 20.30 
 2731 20.30 
 2766 20.30 
 2802 20.30 
 2837 20.30 
 2872 20.30 
 2907 20.30 
 2943 20.30 
 2978 20.30 
 3013 20.30 
 3048 20.30 
 3082 20.30 
 3117 20.30 
 3153 20.30 
 3188 20.30 
 3223 20.30 
 3258 20.30 
 3294 20.30 
 3330 20.30 
 3365 20.30 
 3401 20.30 
 3437 20.30 
 3474 20.30 
 3509 20.30 
 3544 20.30 
 3579 20.30 
 3615 20.30 
 3650 20.30 
 3685 20.30 
 3720 20.30 
 3756 20.30 
 3792 20.30 
 3828 20.30 
 3864 20.30 
 3900 20.30 
 3935 20.30 
 3969 20.30 
 4004 20.30 
 4039 20.30 
 4074 20.30 
 4109 20.30 
 4144 20.30 
 4179 20.30 
 4214 20.30 
 4249 20.30 
 4284 20.30 
 4319 20.30 
 4354 20.30 
 4390 20.30 
 4425 20.30 
 4460 20.30 
 4495 20.30 
 4530 20.30 
 4565 20.30 
 4600 20.30 
 4635 20.30 
 4668 20.30 
 4703 20.30 
 4738 20.30 
 4773 20.30 
 4807 20.30 
 4842 20.30 
 4877 20.30 
 4912 20.30 
 4947 20.30 
 4982 20.30 
 5017 20.30 
 5052 20.30 
 5086 20.30 
 5121 20.30 
 5155 20.30 
 5189 20.30 
 5223 20.30 
 5257 20.30 
 5291 20.30 
 5325 20.30 
 5360 20.30 
 5395 20.30 
 5429 20.30 
 5464 20.30 
 5499 20.30 
 5533 20.30 
 5567 20.30 
 5601 20.30 
 5635 20.30 
 5669 20.30 
 5704 20.30 
 5739 20.30 
 3593 20.50 
 3629 20.50 
 3664 20.50 
 3699 20.50 
 3734 20.50 
 3769 20.50 
 3803 20.50 
 3837 20.50 
 3872 20.50 
 3907 20.50 
 3942 20.50 
 3977 20.50 
 4012 20.50 
 4047 20.50 
 4081 20.50 
 4115 20.50 
 4150 20.50 
 4185 20.50 
 4220 20.50 
 4255 20.50 
 4289 20.50 
 4324 20.50 
 4359 20.50 
 4394 20.50 
 4428 20.50 
 4462 20.50 
 4497 20.50 
 4532 20.50 
 4567 20.50 
 4602 20.50 
 4637 20.50 
 4672 20.50 
 4706 20.50 
 4741 20.50 
 4776 20.50 
 4811 20.50 
 4846 20.50 
 4881 20.50 
 4916 20.50 
 4951 20.50 
 4985 20.50 
 5020 20.50 
 5055 20.50 
 5090 20.50 
 5125 20.50 
 5160 20.50 
 5194 20.50 
 5229 20.50 
 5264 20.50 
 5299 20.50 
 5334 20.50 
 5369 20.50 
 5404 20.50 
 5439 20.50 
 5473 20.50 
 5507 20.50 
 5541 20.50 
 5576 20.50 
 5610 20.50 
 5669 20.50 
 5704 20.50 
 5739 20.50 
 2196 20.70 
 2231 20.70 
 2265 20.70 
 2300 20.70 
 2336 20.70 
 2371 20.70 
 2406 20.70 
 2440 20.70 
 2475 20.70 
 2510 20.70 
 2545 20.70 
 2579 20.70 
 2613 20.70 
 2647 20.70 
 2682 20.70 
 2717 20.70 
 2752 20.70 
 2787 20.70 
 2822 20.70 
 2857 20.70 
 2892 20.70 
 2927 20.70 
 2962 20.70 
 2997 20.70 
 3031 20.70 
 3066 20.70 
 3101 20.70 
 3135 20.70 
 3169 20.70 
 3203 20.70 
 3237 20.70 
 3271 20.70 
 3306 20.70 
 3341 20.70 
 3376 20.70 
 3411 20.70 
 3446 20.70 
 3481 20.70 
 3515 20.70 
 3549 20.70 
 3583 20.70 
 3617 20.70 
 3651 20.70 
 3686 20.70 
 3721 20.70 
 3756 20.70 
 3791 20.70 
 3826 20.70 
 3861 20.70 
 3896 20.70 
 3931 20.70 
 3966 20.70 
 4001 20.70 
 4036 20.70 
 4071 20.70 
 4107 20.70 
 4142 20.70 
 4176 20.70 
 4211 20.70 
 4246 20.70 
 4255 20.70 
 4289 20.70 
 4324 20.70 
 4359 20.70 
 4394 20.70 
 4428 20.70 
 4462 20.70 
 4497 20.70 
 4532 20.70 
 4567 20.70 
 4602 20.70 
 4637 20.70 
 4672 20.70 
 4706 20.70 
 4741 20.70 
 4776 20.70 
 4811 20.70 
 4846 20.70 
 4881 20.70 
 4916 20.70 
 4951 20.70 
 4985 20.70 
 5020 20.70 
 5055 20.70 
 5090 20.70 
 5125 20.70 
 5160 20.70 
 5194 20.70 
 5229 20.70 
 5264 20.70 
 5299 20.70 
 5334 20.70 
 5369 20.70 
 5404 20.70 
 5439 20.70 
 5473 20.70 
 5507 20.70 
 5541 20.70 
 5576 20.70 
 5610 20.70 
 5669 20.70 
 5704 20.70 
 5739 20.70 
 3861 20.90 
 3897 20.90 
 3933 20.90 
 3968 20.90 
 4003 20.90 
 4037 20.90 
 4071 20.90 
 4105 20.90 
 4139 20.90 
 4173 20.90 
 4207 20.90 
 4241 20.90 
 4275 20.90 
 4309 20.90 
 4343 20.90 
 4377 20.90 
 4412 20.90 
 4446 20.90 
 4480 20.90 
 4514 20.90 
 4548 20.90 
 4582 20.90 
 4616 20.90 
 4650 20.90 
 4684 20.90 
 4718 20.90 
 4752 20.90 
 4786 20.90 
 4820 20.90 
 4854 20.90 
 4888 20.90 
 4922 20.90 
 4956 20.90 
 4991 20.90 
 5026 20.90 
 5060 20.90 
 5095 20.90 
 5130 20.90 
 5165 20.90 
 5200 20.90 
 5234 20.90 
 5269 20.90 
 5304 20.90 
 5339 20.90 
 5374 20.90 
 5409 20.90 
 5444 20.90 
 5479 20.90 
 5514 20.90 
 5549 20.90 
 5584 20.90 
 5619 20.90 
 5654 20.90 
 5689 20.90 
 5725 20.90 
 5761 20.90 
 5797 20.90 
 5832 20.90 
 5867 20.90 
 5902 20.90 
 2523 21.10 
 2559 21.10 
 2595 21.10 
 2631 21.10 
 2666 21.10 
 2701 21.10 
 2736 21.10 
 2771 21.10 
 2806 21.10 
 2841 21.10 
 2877 21.10 
 2912 21.10 
 2947 21.10 
 2982 21.10 
 3018 21.10 
 3054 21.10 
 3089 21.10 
 3124 21.10 
 3159 21.10 
 3194 21.10 
 3229 21.10 
 3264 21.10 
 3299 21.10 
 3335 21.10 
 3371 21.10 
 3406 21.10 
 3441 21.10 
 3476 21.10 
 3511 21.10 
 3547 21.10 
 3583 21.10 
 3618 21.10 
 3653 21.10 
 3688 21.10 
 3723 21.10 
 3757 21.10 
 3792 21.10 
 3826 21.10 
 3861 21.10 
 3896 21.10 
 3931 21.10 
 3966 21.10 
 4000 21.10 
 4035 21.10 
 4069 21.10 
 4104 21.10 
 4140 21.10 
 4177 21.10 
 4212 21.10 
 4246 21.10 
 4280 21.10 
 4314 21.10 
 4348 21.10 
 4383 21.10 
 4419 21.10 
 4454 21.10 
 4489 21.10 
 4525 21.10 
 4560 21.10 
 4582 21.10 
 4616 21.10 
 4650 21.10 
 4684 21.10 
 4718 21.10 
 4752 21.10 
 4786 21.10 
 4820 21.10 
 4854 21.10 
 4888 21.10 
 4922 21.10 
 4956 21.10 
 4991 21.10 
 5026 21.10 
 5060 21.10 
 5095 21.10 
 5130 21.10 
 5165 21.10 
 5200 21.10 
 5234 21.10 
 5269 21.10 
 5304 21.10 
 5339 21.10 
 5374 21.10 
 5409 21.10 
 5444 21.10 
 5479 21.10 
 5514 21.10 
 5549 21.10 
 5584 21.10 
 5619 21.10 
 5654 21.10 
 5689 21.10 
 5725 21.10 
 5761 21.10 
 5797 21.10 
 5832 21.10 
 5867 21.10 
 5902 21.10 
 1704 21.30 
 1740 21.30 
 1775 21.30 
 1810 21.30 
 1846 21.30 
 1882 21.30 
 1918 21.30 
 1954 21.30 
 1989 21.30 
 2024 21.30 
 2059 21.30 
 2094 21.30 
 2130 21.30 
 2166 21.30 
 2202 21.30 
 2237 21.30 
 2273 21.30 
 2309 21.30 
 2345 21.30 
 2381 21.30 
 2416 21.30 
 2452 21.30 
 2488 21.30 
 2524 21.30 
 2560 21.30 
 2597 21.30 
 2633 21.30 
 2669 21.30 
 2704 21.30 
 2739 21.30 
 2774 21.30 
 2809 21.30 
 2845 21.30 
 2881 21.30 
 2917 21.30 
 2953 21.30 
 2989 21.30 
 3025 21.30 
 3061 21.30 
 3097 21.30 
 3132 21.30 
 3168 21.30 
 3204 21.30 
 3240 21.30 
 3276 21.30 
 3311 21.30 
 3346 21.30 
 3382 21.30 
 3417 21.30 
 3453 21.30 
 3489 21.30 
 3524 21.30 
 3560 21.30 
 3596 21.30 
 3631 21.30 
 3666 21.30 
 3701 21.30 
 3737 21.30 
 3757 21.30 
 3792 21.30 
 3826 21.30 
 3861 21.30 
 3896 21.30 
 3931 21.30 
 3966 21.30 
 4000 21.30 
 4035 21.30 
 4069 21.30 
 4104 21.30 
 4140 21.30 
 4177 21.30 
 4212 21.30 
 4246 21.30 
 4280 21.30 
 4314 21.30 
 4348 21.30 
 4383 21.30 
 4419 21.30 
 4454 21.30 
 4489 21.30 
 4525 21.30 
 4560 21.30 
 4582 21.30 
 4616 21.30 
 4650 21.30 
 4684 21.30 
 4718 21.30 
 4752 21.30 
 4786 21.30 
 4820 21.30 
 4854 21.30 
 4888 21.30 
 4922 21.30 
 4956 21.30 
 4991 21.30 
 5026 21.30 
 5060 21.30 
 5095 21.30 
 5130 21.30 
 5165 21.30 
 5200 21.30 
 5234 21.30 
 5269 21.30 
 5304 21.30 
 5339 21.30 
 5374 21.30 
 5409 21.30 
 5444 21.30 
 5479 21.30 
 5514 21.30 
 5549 21.30 
 5584 21.30 
 5619 21.30 
 5654 21.30 
 5689 21.30 
 5725 21.30 
 5761 21.30 
 5797 21.30 
 5832 21.30 
 5867 21.30 
 5902 21.30 
 3392 21.50 
 3428 21.50 
 3463 21.50 
 3498 21.50 
 3533 21.50 
 3567 21.50 
 3602 21.50 
 3638 21.50 
 3673 21.50 
 3708 21.50 
 3743 21.50 
 3778 21.50 
 3813 21.50 
 3848 21.50 
 3883 21.50 
 3918 21.50 
 3953 21.50 
 3988 21.50 
 4023 21.50 
 4057 21.50 
 4091 21.50 
 4126 21.50 
 4161 21.50 
 4196 21.50 
 4231 21.50 
 4266 21.50 
 4302 21.50 
 4337 21.50 
 4372 21.50 
 4407 21.50 
 4442 21.50 
 4477 21.50 
 4512 21.50 
 4547 21.50 
 4582 21.50 
 4617 21.50 
 4652 21.50 
 4687 21.50 
 4723 21.50 
 4759 21.50 
 4794 21.50 
 4829 21.50 
 4864 21.50 
 4899 21.50 
 4935 21.50 
 4970 21.50 
 5004 21.50 
 5038 21.50 
 5073 21.50 
 5108 21.50 
 5143 21.50 
 5178 21.50 
 5212 21.50 
 5247 21.50 
 5282 21.50 
 5317 21.50 
 5352 21.50 
 5388 21.50 
 5424 21.50 
 5444 21.50 
 5479 21.50 
 5514 21.50 
 5549 21.50 
 5584 21.50 
 5619 21.50 
 5654 21.50 
 5689 21.50 
 5725 21.50 
 5761 21.50 
 5797 21.50 
 5832 21.50 
 5867 21.50 
 5902 21.50 
 4383 21.70 
 4418 21.70 
 4453 21.70 
 4487 21.70 
 4521 21.70 
 4555 21.70 
 4590 21.70 
 4625 21.70 
 4660 21.70 
 4695 21.70 
 4730 21.70 
 4765 21.70 
 4800 21.70 
 4835 21.70 
 4870 21.70 
 4905 21.70 
 4939 21.70 
 4974 21.70 
 5008 21.70 
 5042 21.70 
 5076 21.70 
 5111 21.70 
 5145 21.70 
 5179 21.70 
 5213 21.70 
 5248 21.70 
 5283 21.70 
 5318 21.70 
 5352 21.70 
 5387 21.70 
 5422 21.70 
 5457 21.70 
 5492 21.70 
 5527 21.70 
 5562 21.70 
 5597 21.70 
 5632 21.70 
 5667 21.70 
 5702 21.70 
 5736 21.70 
 5771 21.70 
 5806 21.70 
 5840 21.70 
 5875 21.70 
 5910 21.70 
 5944 21.70 
 5979 21.70 
 6014 21.70 
 6048 21.70 
 6083 21.70 
 6117 21.70 
 6151 21.70 
 6185 21.70 
 6219 21.70 
 6253 21.70 
 6288 21.70 
 6323 21.70 
 6357 21.70 
 6392 21.70 
 6427 21.70 
 4310 21.90 
 4346 21.90 
 4381 21.90 
 4416 21.90 
 4450 21.90 
 4484 21.90 
 4519 21.90 
 4554 21.90 
 4589 21.90 
 4624 21.90 
 4658 21.90 
 4692 21.90 
 4726 21.90 
 4760 21.90 
 4795 21.90 
 4830 21.90 
 4865 21.90 
 4900 21.90 
 4934 21.90 
 4968 21.90 
 5002 21.90 
 5036 21.90 
 5070 21.90 
 5104 21.90 
 5138 21.90 
 5173 21.90 
 5207 21.90 
 5241 21.90 
 5275 21.90 
 5309 21.90 
 5343 21.90 
 5378 21.90 
 5413 21.90 
 5448 21.90 
 5483 21.90 
 5518 21.90 
 5553 21.90 
 5588 21.90 
 5622 21.90 
 5656 21.90 
 5690 21.90 
 5724 21.90 
 5759 21.90 
 5794 21.90 
 5829 21.90 
 5864 21.90 
 5899 21.90 
 5933 21.90 
 5968 21.90 
 6003 21.90 
 6037 21.90 
 6071 21.90 
 6106 21.90 
 6140 21.90 
 6174 21.90 
 6208 21.90 
 6242 21.90 
 6276 21.90 
 6310 21.90 
 6345 21.90 
 6392 21.90 
 6427 21.90 
 2792 21.90 
 2818 21.90 
 2844 21.90 
 2870 21.90 
 2896 21.90 
 2922 21.90 
 2948 21.90 
 2974 21.90 
 3000 21.90 
 3026 21.90 
 3052 21.90 
 3078 21.90 
 3104 21.90 
 3130 21.90 
 3156 21.90 
 3182 21.90 
 3208 21.90 
 3234 21.90 
 3260 21.90 
 3286 21.90 
 3312 21.90 
 3338 21.90 
 3364 21.90 
 3390 21.90 
 3416 21.90 
 3442 21.90 
 3468 21.90 
 3494 21.90 
 3520 21.90 
 3546 21.90 
 3572 21.90 
 3598 21.90 
 3624 21.90 
 3650 21.90 
 3676 21.90 
 3702 21.90 
 3728 21.90 
 3754 21.90 
 3780 21.90 
 3806 21.90 
 3832 21.90 
 3858 21.90 
 3884 21.90 
 3910 21.90 
 3936 21.90 
 3962 21.90 
 3988 21.90 
 4014 21.90 
 4040 21.90 
 4066 21.90 
 4092 21.90 
 4118 21.90 
 4144 21.90 
 4170 21.90 
 4196 21.90 
 4222 21.90 
 4248 21.90 
 4274 21.90 
 4300 21.90 
 4326 21.90 
 4352 21.90 
 4378 21.90 
 4404 21.90 
 4430 21.90 
 4456 21.90 
 4482 21.90 
 4508 21.90 
 4534 21.90 
 4560 21.90 
 4586 21.90 
 4612 21.90 
 4638 21.90 
 4664 21.90 
 4690 21.90 
 4716 21.90 
 4742 21.90 
 4768 21.90 
 4794 21.90 
 4830 21.90 
 4865 21.90 
 4900 21.90 
 4934 21.90 
 4968 21.90 
 5002 21.90 
 5036 21.90 
 5070 21.90 
 5104 21.90 
 5138 21.90 
 5173 21.90 
 5207 21.90 
 5241 21.90 
 5275 21.90 
 5309 21.90 
 5343 21.90 
 5378 21.90 
 5413 21.90 
 5448 21.90 
 5483 21.90 
 5518 21.90 
 5553 21.90 
 5588 21.90 
 5622 21.90 
 5656 21.90 
 5690 21.90 
 5724 21.90 
 5759 21.90 
 5794 21.90 
 5829 21.90 
 5864 21.90 
 5899 21.90 
 5933 21.90 
 5968 21.90 
 6003 21.90 
 6037 21.90 
 6071 21.90 
 6106 21.90 
 6140 21.90 
 6174 21.90 
 6208 21.90 
 6242 21.90 
 6276 21.90 
 6310 21.90 
 6345 21.90 
 6392 21.90 
 6427 21.90 
 3314 22.10 
 3340 22.10 
 3366 22.10 
 3392 22.10 
 3418 22.10 
 3444 22.10 
 3470 22.10 
 3496 22.10 
 3522 22.10 
 3548 22.10 
 3574 22.10 
 3600 22.10 
 3626 22.10 
 3652 22.10 
 3678 22.10 
 3704 22.10 
 3730 22.10 
 3756 22.10 
 3782 22.10 
 3808 22.10 
 3834 22.10 
 3860 22.10 
 3886 22.10 
 3912 22.10 
 3938 22.10 
 3964 22.10 
 3990 22.10 
 4016 22.10 
 4042 22.10 
 4068 22.10 
 4094 22.10 
 4120 22.10 
 4146 22.10 
 4172 22.10 
 4198 22.10 
 4224 22.10 
 4250 22.10 
 4276 22.10 
 4302 22.10 
 4328 22.10 
 4354 22.10 
 4380 22.10 
 4406 22.10 
 4432 22.10 
 4458 22.10 
 4484 22.10 
 4510 22.10 
 4536 22.10 
 4562 22.10 
 4588 22.10 
 4614 22.10 
 4640 22.10 
 4666 22.10 
 4692 22.10 
 4718 22.10 
 4744 22.10 
 4770 22.10 
 4796 22.10 
 4822 22.10 
 4848 22.10 
 4874 22.10 
 4900 22.10 
 4926 22.10 
 4952 22.10 
 4978 22.10 
 5004 22.10 
 5030 22.10 
 5056 22.10 
 5082 22.10 
 5108 22.10 
 5134 22.10 
 5160 22.10 
 5186 22.10 
 5212 22.10 
 5238 22.10 
 5264 22.10 
 5290 22.10 
 5316 22.10 
 5342 22.10 
 5368 22.10 
 5413 22.10 
 5448 22.10 
 5483 22.10 
 5518 22.10 
 5553 22.10 
 5588 22.10 
 5622 22.10 
 5656 22.10 
 5690 22.10 
 5724 22.10 
 5759 22.10 
 5794 22.10 
 5829 22.10 
 5864 22.10 
 5899 22.10 
 5933 22.10 
 5968 22.10 
 6003 22.10 
 6037 22.10 
 6071 22.10 
 6106 22.10 
 6140 22.10 
 6174 22.10 
 6208 22.10 
 6242 22.10 
 6276 22.10 
 6310 22.10 
 6345 22.10 
 6392 22.10 
 6427 22.10 
 4055 22.30 
 4081 22.30 
 4107 22.30 
 4133 22.30 
 4159 22.30 
 4185 22.30 
 4211 22.30 
 4237 22.30 
 4263 22.30 
 4289 22.30 
 4315 22.30 
 4341 22.30 
 4367 22.30 
 4393 22.30 
 4419 22.30 
 4445 22.30 
 4471 22.30 
 4497 22.30 
 4523 22.30 
 4549 22.30 
 4575 22.30 
 4601 22.30 
 4627 22.30 
 4653 22.30 
 4679 22.30 
 4705 22.30 
 4731 22.30 
 4757 22.30 
 4783 22.30 
 4809 22.30 
 4835 22.30 
 4861 22.30 
 4887 22.30 
 4913 22.30 
 4939 22.30 
 4965 22.30 
 4991 22.30 
 5017 22.30 
 5043 22.30 
 5069 22.30 
 5095 22.30 
 5121 22.30 
 5147 22.30 
 5173 22.30 
 5199 22.30 
 5225 22.30 
 5251 22.30 
 5277 22.30 
 5303 22.30 
 5329 22.30 
 5355 22.30 
 5381 22.30 
 5407 22.30 
 5433 22.30 
 5459 22.30 
 5485 22.30 
 5511 22.30 
 5537 22.30 
 5563 22.30 
 5589 22.30 
 5615 22.30 
 5641 22.30 
 5667 22.30 
 5693 22.30 
 5719 22.30 
 5745 22.30 
 5771 22.30 
 5797 22.30 
 5823 22.30 
 5849 22.30 
 5875 22.30 
 5901 22.30 
 5927 22.30 
 5953 22.30 
 5979 22.30 
 6005 22.30 
 6031 22.30 
 6057 22.30 
 6083 22.30 
 6109 22.30 
 6140 22.30 
 6174 22.30 
 6208 22.30 
 6242 22.30 
 6276 22.30 
 6310 22.30 
 6345 22.30 
 6392 22.30 
 6427 22.30 
 3574 22.50 
 3600 22.50 
 3626 22.50 
 3652 22.50 
 3678 22.50 
 3704 22.50 
 3730 22.50 
 3756 22.50 
 3782 22.50 
 3808 22.50 
 3834 22.50 
 3860 22.50 
 3886 22.50 
 3912 22.50 
 3938 22.50 
 3964 22.50 
 3990 22.50 
 4016 22.50 
 4042 22.50 
 4068 22.50 
 4094 22.50 
 4120 22.50 
 4146 22.50 
 4172 22.50 
 4198 22.50 
 4224 22.50 
 4250 22.50 
 4276 22.50 
 4302 22.50 
 4328 22.50 
 4354 22.50 
 4380 22.50 
 4406 22.50 
 4432 22.50 
 4458 22.50 
 4484 22.50 
 4510 22.50 
 4536 22.50 
 4562 22.50 
 4588 22.50 
 4614 22.50 
 4640 22.50 
 4666 22.50 
 4692 22.50 
 4718 22.50 
 4744 22.50 
 4770 22.50 
 4796 22.50 
 4822 22.50 
 4848 22.50 
 4874 22.50 
 4900 22.50 
 4926 22.50 
 4952 22.50 
 4978 22.50 
 5004 22.50 
 5030 22.50 
 5056 22.50 
 5082 22.50 
 5108 22.50 
 5134 22.50 
 5160 22.50 
 5186 22.50 
 5212 22.50 
 5238 22.50 
 5264 22.50 
 5290 22.50 
 5316 22.50 
 5342 22.50 
 5368 22.50 
 5394 22.50 
 5420 22.50 
 5446 22.50 
 5472 22.50 
 5498 22.50 
 5524 22.50 
 5550 22.50 
 5576 22.50 
 5615 22.50 
 5641 22.50 
 5667 22.50 
 5693 22.50 
 5719 22.50 
 5745 22.50 
 5771 22.50 
 5797 22.50 
 5823 22.50 
 5849 22.50 
 5875 22.50 
 5901 22.50 
 5927 22.50 
 5953 22.50 
 5979 22.50 
 6005 22.50 
 6031 22.50 
 6057 22.50 
 6083 22.50 
 6109 22.50 
 6140 22.50 
 6174 22.50 
 6208 22.50 
 6242 22.50 
 6276 22.50 
 6310 22.50 
 6345 22.50 
 6392 22.50 
 6427 22.50 
 3378 22.70 
 3404 22.70 
 3430 22.70 
 3456 22.70 
 3482 22.70 
 3508 22.70 
 3534 22.70 
 3560 22.70 
 3586 22.70 
 3612 22.70 
 3638 22.70 
 3664 22.70 
 3690 22.70 
 3716 22.70 
 3742 22.70 
 3768 22.70 
 3794 22.70 
 3820 22.70 
 3846 22.70 
 3872 22.70 
 3898 22.70 
 3924 22.70 
 3950 22.70 
 3976 22.70 
 4002 22.70 
 4028 22.70 
 4054 22.70 
 4080 22.70 
 4106 22.70 
 4132 22.70 
 4158 22.70 
 4184 22.70 
 4210 22.70 
 4236 22.70 
 4262 22.70 
 4288 22.70 
 4314 22.70 
 4340 22.70 
 4366 22.70 
 4392 22.70 
 4418 22.70 
 4444 22.70 
 4470 22.70 
 4496 22.70 
 4522 22.70 
 4548 22.70 
 4574 22.70 
 4600 22.70 
 4626 22.70 
 4652 22.70 
 4678 22.70 
 4704 22.70 
 4730 22.70 
 4756 22.70 
 4782 22.70 
 4808 22.70 
 4834 22.70 
 4860 22.70 
 4886 22.70 
 4912 22.70 
 4938 22.70 
 4964 22.70 
 4990 22.70 
 5016 22.70 
 5042 22.70 
 5068 22.70 
 5094 22.70 
 5120 22.70 
 5146 22.70 
 5172 22.70 
 5198 22.70 
 5224 22.70 
 5250 22.70 
 5276 22.70 
 5302 22.70 
 5342 22.70 
 5368 22.70 
 5394 22.70 
 5420 22.70 
 5446 22.70 
 5472 22.70 
 5498 22.70 
 5524 22.70 
 5550 22.70 
 5576 22.70 
 5615 22.70 
 5641 22.70 
 5667 22.70 
 5693 22.70 
 5719 22.70 
 5745 22.70 
 5771 22.70 
 5797 22.70 
 5823 22.70 
 5849 22.70 
 5875 22.70 
 5901 22.70 
 5927 22.70 
 5953 22.70 
 5979 22.70 
 6005 22.70 
 6031 22.70 
 6057 22.70 
 6083 22.70 
 6109 22.70 
 6140 22.70 
 6174 22.70 
 6208 22.70 
 6242 22.70 
 6276 22.70 
 6310 22.70 
 6345 22.70 
 6392 22.70 
 6427 22.70 
 2311 22.90 
 2337 22.90 
 2363 22.90 
 2389 22.90 
 2415 22.90 
 2441 22.90 
 2467 22.90 
 2493 22.90 
 2519 22.90 
 2545 22.90 
 2571 22.90 
 2597 22.90 
 2623 22.90 
 2649 22.90 
 2675 22.90 
 2701 22.90 
 2727 22.90 
 2753 22.90 
 2779 22.90 
 2805 22.90 
 2831 22.90 
 2857 22.90 
 2883 22.90 
 2909 22.90 
 2935 22.90 
 2961 22.90 
 2987 22.90 
 3013 22.90 
 3039 22.90 
 3065 22.90 
 3091 22.90 
 3117 22.90 
 3143 22.90 
 3169 22.90 
 3195 22.90 
 3221 22.90 
 3247 22.90 
 3273 22.90 
 3299 22.90 
 3325 22.90 
 3351 22.90 
 3377 22.90 
 3403 22.90 
 3429 22.90 
 3455 22.90 
 3481 22.90 
 3507 22.90 
 3533 22.90 
 3559 22.90 
 3585 22.90 
 3611 22.90 
 3637 22.90 
 3663 22.90 
 3689 22.90 
 3715 22.90 
 3741 22.90 
 3767 22.90 
 3793 22.90 
 3819 22.90 
 3845 22.90 
 3871 22.90 
 3897 22.90 
 3923 22.90 
 3949 22.90 
 3975 22.90 
 4001 22.90 
 4027 22.90 
 4053 22.90 
 4079 22.90 
 4105 22.90 
 4131 22.90 
 4157 22.90 
 4183 22.90 
 4209 22.90 
 4235 22.90 
 4261 22.90 
 4287 22.90 
 4313 22.90 
 4339 22.90 
 4365 22.90 
 4392 22.90 
 4418 22.90 
 4444 22.90 
 4470 22.90 
 4496 22.90 
 4522 22.90 
 4548 22.90 
 4574 22.90 
 4600 22.90 
 4626 22.90 
 4652 22.90 
 4678 22.90 
 4704 22.90 
 4730 22.90 
 4756 22.90 
 4782 22.90 
 4808 22.90 
 4834 22.90 
 4860 22.90 
 4886 22.90 
 4912 22.90 
 4938 22.90 
 4964 22.90 
 4990 22.90 
 5016 22.90 
 5042 22.90 
 5068 22.90 
 5094 22.90 
 5120 22.90 
 5146 22.90 
 5172 22.90 
 5198 22.90 
 5224 22.90 
 5250 22.90 
 5276 22.90 
 5302 22.90 
 5342 22.90 
 5368 22.90 
 5394 22.90 
 5420 22.90 
 5446 22.90 
 5472 22.90 
 5498 22.90 
 5524 22.90 
 5550 22.90 
 5576 22.90 
 5615 22.90 
 5641 22.90 
 5667 22.90 
 5693 22.90 
 5719 22.90 
 5745 22.90 
 5771 22.90 
 5797 22.90 
 5823 22.90 
 5849 22.90 
 5875 22.90 
 5901 22.90 
 5927 22.90 
 5953 22.90 
 5979 22.90 
 6005 22.90 
 6031 22.90 
 6057 22.90 
 6083 22.90 
 6109 22.90 
 6140 22.90 
 6174 22.90 
 6208 22.90 
 6242 22.90 
 6276 22.90 
 6310 22.90 
 6345 22.90 
 6392 22.90 
 6427 22.90 
 2421 23.10 
 2447 23.10 
 2473 23.10 
 2499 23.10 
 2525 23.10 
 2551 23.10 
 2577 23.10 
 2603 23.10 
 2629 23.10 
 2655 23.10 
 2681 23.10 
 2707 23.10 
 2733 23.10 
 2759 23.10 
 2785 23.10 
 2811 23.10 
 2837 23.10 
 2863 23.10 
 2889 23.10 
 2915 23.10 
 2941 23.10 
 2967 23.10 
 2993 23.10 
 3019 23.10 
 3045 23.10 
 3071 23.10 
 3097 23.10 
 3123 23.10 
 3149 23.10 
 3175 23.10 
 3201 23.10 
 3227 23.10 
 3253 23.10 
 3279 23.10 
 3305 23.10 
 3331 23.10 
 3357 23.10 
 3383 23.10 
 3409 23.10 
 3435 23.10 
 3461 23.10 
 3487 23.10 
 3513 23.10 
 3539 23.10 
 3565 23.10 
 3591 23.10 
 3617 23.10 
 3643 23.10 
 3669 23.10 
 3695 23.10 
 3721 23.10 
 3747 23.10 
 3773 23.10 
 3799 23.10 
 3825 23.10 
 3851 23.10 
 3877 23.10 
 3903 23.10 
 3929 23.10 
 3955 23.10 
 3981 23.10 
 4007 23.10 
 4033 23.10 
 4059 23.10 
 4085 23.10 
 4111 23.10 
 4137 23.10 
 4163 23.10 
 4189 23.10 
 4215 23.10 
 4241 23.10 
 4267 23.10 
 4293 23.10 
 4319 23.10 
 4345 23.10 
 4371 23.10 
 4418 23.10 
 4444 23.10 
 4470 23.10 
 4496 23.10 
 4522 23.10 
 4548 23.10 
 4574 23.10 
 4600 23.10 
 4626 23.10 
 4652 23.10 
 4678 23.10 
 4704 23.10 
 4730 23.10 
 4756 23.10 
 4782 23.10 
 4808 23.10 
 4834 23.10 
 4860 23.10 
 4886 23.10 
 4912 23.10 
 4938 23.10 
 4964 23.10 
 4990 23.10 
 5016 23.10 
 5042 23.10 
 5068 23.10 
 5094 23.10 
 5120 23.10 
 5146 23.10 
 5172 23.10 
 5198 23.10 
 5224 23.10 
 5250 23.10 
 5276 23.10 
 5302 23.10 
 5342 23.10 
 5368 23.10 
 5394 23.10 
 5420 23.10 
 5446 23.10 
 5472 23.10 
 5498 23.10 
 5524 23.10 
 5550 23.10 
 5576 23.10 
 5615 23.10 
 5641 23.10 
 5667 23.10 
 5693 23.10 
 5719 23.10 
 5745 23.10 
 5771 23.10 
 5797 23.10 
 5823 23.10 
 5849 23.10 
 5875 23.10 
 5901 23.10 
 5927 23.10 
 5953 23.10 
 5979 23.10 
 6005 23.10 
 6031 23.10 
 6057 23.10 
 6083 23.10 
 6109 23.10 
 6140 23.10 
 6174 23.10 
 6208 23.10 
 6242 23.10 
 6276 23.10 
 6310 23.10 
 6345 23.10 
 6392 23.10 
 6427 23.10 
 3906 23.30 
 3932 23.30 
 3958 23.30 
 3984 23.30 
 4010 23.30 
 4036 23.30 
 4062 23.30 
 4088 23.30 
 4114 23.30 
 4140 23.30 
 4166 23.30 
 4192 23.30 
 4218 23.30 
 4244 23.30 
 4270 23.30 
 4296 23.30 
 4322 23.30 
 4348 23.30 
 4374 23.30 
 4400 23.30 
 4426 23.30 
 4452 23.30 
 4478 23.30 
 4504 23.30 
 4530 23.30 
 4556 23.30 
 4582 23.30 
 4608 23.30 
 4634 23.30 
 4660 23.30 
 4686 23.30 
 4712 23.30 
 4738 23.30 
 4764 23.30 
 4790 23.30 
 4816 23.30 
 4842 23.30 
 4868 23.30 
 4894 23.30 
 4920 23.30 
 4946 23.30 
 4972 23.30 
 4998 23.30 
 5024 23.30 
 5050 23.30 
 5076 23.30 
 5102 23.30 
 5128 23.30 
 5154 23.30 
 5180 23.30 
 5206 23.30 
 5232 23.30 
 5258 23.30 
 5284 23.30 
 5310 23.30 
 5336 23.30 
 5362 23.30 
 5388 23.30 
 5414 23.30 
 5440 23.30 
 5466 23.30 
 5492 23.30 
 5518 23.30 
 5544 23.30 
 5570 23.30 
 5596 23.30 
 5622 23.30 
 5648 23.30 
 5674 23.30 
 5700 23.30 
 5726 23.30 
 5752 23.30 
 5778 23.30 
 5804 23.30 
 5830 23.30 
 5856 23.30 
 5882 23.30 
 5908 23.30 
 5934 23.30 
 5960 23.30 
 5979 23.30 
 6005 23.30 
 6031 23.30 
 6057 23.30 
 6083 23.30 
 6109 23.30 
 6140 23.30 
 6174 23.30 
 6208 23.30 
 6242 23.30 
 6276 23.30 
 6310 23.30 
 6345 23.30 
 6392 23.30 
 6427 23.30 
 3158 23.50 
 3184 23.50 
 3210 23.50 
 3236 23.50 
 3262 23.50 
 3288 23.50 
 3314 23.50 
 3340 23.50 
 3366 23.50 
 3392 23.50 
 3418 23.50 
 3444 23.50 
 3470 23.50 
 3496 23.50 
 3522 23.50 
 3548 23.50 
 3574 23.50 
 3600 23.50 
 3626 23.50 
 3652 23.50 
 3678 23.50 
 3704 23.50 
 3730 23.50 
 3756 23.50 
 3782 23.50 
 3808 23.50 
 3834 23.50 
 3860 23.50 
 3886 23.50 
 3912 23.50 
 3938 23.50 
 3964 23.50 
 3990 23.50 
 4016 23.50 
 4042 23.50 
 4068 23.50 
 4094 23.50 
 4120 23.50 
 4146 23.50 
 4172 23.50 
 4198 23.50 
 4224 23.50 
 4250 23.50 
 4276 23.50 
 4302 23.50 
 4328 23.50 
 4354 23.50 
 4380 23.50 
 4406 23.50 
 4432 23.50 
 4458 23.50 
 4484 23.50 
 4510 23.50 
 4536 23.50 
 4562 23.50 
 4588 23.50 
 4614 23.50 
 4640 23.50 
 4666 23.50 
 4692 23.50 
 4718 23.50 
 4744 23.50 
 4770 23.50 
 4796 23.50 
 4822 23.50 
 4848 23.50 
 4874 23.50 
 4900 23.50 
 4926 23.50 
 4952 23.50 
 4978 23.50 
 5004 23.50 
 5030 23.50 
 5056 23.50 
 5082 23.50 
 5108 23.50 
 5134 23.50 
 5160 23.50 
 5186 23.50 
 5212 23.50 
 5232 23.50 
 5258 23.50 
 5284 23.50 
 5310 23.50 
 5336 23.50 
 5362 23.50 
 5388 23.50 
 5414 23.50 
 5440 23.50 
 5466 23.50 
 5492 23.50 
 5518 23.50 
 5544 23.50 
 5570 23.50 
 5596 23.50 
 5622 23.50 
 5648 23.50 
 5674 23.50 
 5700 23.50 
 5726 23.50 
 5752 23.50 
 5778 23.50 
 5804 23.50 
 5830 23.50 
 5856 23.50 
 5882 23.50 
 5908 23.50 
 5934 23.50 
 5960 23.50 
 5979 23.50 
 6005 23.50 
 6031 23.50 
 6057 23.50 
 6083 23.50 
 6109 23.50 
 6140 23.50 
 6174 23.50 
 6208 23.50 
 6242 23.50 
 6276 23.50 
 6310 23.50 
 6345 23.50 
 6392 23.50 
 6427 23.50 
 4415 23.70 
 4441 23.70 
 4467 23.70 
 4493 23.70 
 4519 23.70 
 4545 23.70 
 4571 23.70 
 4597 23.70 
 4623 23.70 
 4649 23.70 
 4675 23.70 
 4701 23.70 
 4727 23.70 
 4753 23.70 
 4779 23.70 
 4805 23.70 
 4831 23.70 
 4857 23.70 
 4883 23.70 
 4909 23.70 
 4935 23.70 
 4961 23.70 
 4987 23.70 
 5013 23.70 
 5039 23.70 
 5065 23.70 
 5091 23.70 
 5117 23.70 
 5143 23.70 
 5169 23.70 
 5195 23.70 
 5221 23.70 
 5247 23.70 
 5273 23.70 
 5299 23.70 
 5325 23.70 
 5351 23.70 
 5377 23.70 
 5403 23.70 
 5429 23.70 
 5455 23.70 
 5481 23.70 
 5507 23.70 
 5533 23.70 
 5559 23.70 
 5585 23.70 
 5611 23.70 
 5637 23.70 
 5663 23.70 
 5689 23.70 
 5715 23.70 
 5741 23.70 
 5767 23.70 
 5793 23.70 
 5819 23.70 
 5845 23.70 
 5871 23.70 
 5897 23.70 
 5923 23.70 
 5949 23.70 
 5975 23.70 
 6001 23.70 
 6027 23.70 
 6053 23.70 
 6079 23.70 
 6105 23.70 
 6131 23.70 
 6157 23.70 
 6183 23.70 
 6209 23.70 
 6235 23.70 
 6261 23.70 
 6287 23.70 
 6313 23.70 
 6339 23.70 
 6365 23.70 
 6391 23.70 
 6417 23.70 
 6427 23.70 
 3621 24.00 
 3647 24.00 
 3673 24.00 
 3699 24.00 
 3725 24.00 
 3751 24.00 
 3777 24.00 
 3803 24.00 
 3829 24.00 
 3855 24.00 
 3881 24.00 
 3907 24.00 
 3933 24.00 
 3959 24.00 
 3985 24.00 
 4011 24.00 
 4037 24.00 
 4063 24.00 
 4089 24.00 
 4115 24.00 
 4141 24.00 
 4167 24.00 
 4193 24.00 
 4219 24.00 
 4245 24.00 
 4271 24.00 
 4297 24.00 
 4323 24.00 
 4349 24.00 
 4375 24.00 
 4401 24.00 
 4427 24.00 
 4453 24.00 
 4479 24.00 
 4505 24.00 
 4531 24.00 
 4557 24.00 
 4583 24.00 
 4609 24.00 
 4635 24.00 
 4661 24.00 
 4687 24.00 
 4713 24.00 
 4739 24.00 
 4765 24.00 
 4791 24.00 
 4817 24.00 
 4843 24.00 
 4869 24.00 
 4895 24.00 
 4921 24.00 
 4947 24.00 
 4973 24.00 
 4999 24.00 
 5025 24.00 
 5051 24.00 
 5077 24.00 
 5103 24.00 
 5129 24.00 
 5155 24.00 
 5181 24.00 
 5207 24.00 
 5233 24.00 
 5259 24.00 
 5285 24.00 
 5311 24.00 
 5337 24.00 
 5363 24.00 
 5389 24.00 
 5415 24.00 
 5441 24.00 
 5467 24.00 
 5493 24.00 
 5519 24.00 
 5559 24.00 
 5585 24.00 
 5611 24.00 
 5637 24.00 
 5663 24.00 
 5689 24.00 
 5715 24.00 
 5741 24.00 
 5767 24.00 
 5793 24.00 
 5819 24.00 
 5845 24.00 
 5871 24.00 
 5897 24.00 
 5923 24.00 
 5949 24.00 
 5975 24.00 
 6001 24.00 
 6027 24.00 
 6053 24.00 
 6079 24.00 
 6105 24.00 
 6131 24.00 
 6157 24.00 
 6183 24.00 
 6209 24.00 
 6235 24.00 
 6261 24.00 
 6287 24.00 
 6313 24.00 
 6339 24.00 
 6365 24.00 
 6391 24.00 
 6417 24.00 
 6427 24.00 
 4423 24.20 
 4449 24.20 
 4475 24.20 
 4501 24.20 
 4527 24.20 
 4553 24.20 
 4579 24.20 
 4605 24.20 
 4631 24.20 
 4657 24.20 
 4683 24.20 
 4709 24.20 
 4735 24.20 
 4761 24.20 
 4787 24.20 
 4813 24.20 
 4839 24.20 
 4865 24.20 
 4891 24.20 
 4917 24.20 
 4943 24.20 
 4969 24.20 
 4995 24.20 
 5021 24.20 
 5047 24.20 
 5073 24.20 
 5099 24.20 
 5125 24.20 
 5151 24.20 
 5177 24.20 
 5203 24.20 
 5229 24.20 
 5255 24.20 
 5281 24.20 
 5307 24.20 
 5333 24.20 
 5359 24.20 
 5385 24.20 
 5411 24.20 
 5437 24.20 
 5463 24.20 
 5489 24.20 
 5515 24.20 
 5541 24.20 
 5567 24.20 
 5593 24.20 
 5619 24.20 
 5645 24.20 
 5671 24.20 
 5697 24.20 
 5723 24.20 
 5749 24.20 
 5775 24.20 
 5801 24.20 
 5827 24.20 
 5853 24.20 
 5879 24.20 
 5905 24.20 
 5931 24.20 
 5957 24.20 
 5983 24.20 
 6009 24.20 
 6035 24.20 
 6061 24.20 
 6087 24.20 
 6113 24.20 
 6139 24.20 
 6165 24.20 
 6191 24.20 
 6217 24.20 
 6243 24.20 
 6269 24.20 
 6295 24.20 
 6321 24.20 
 6347 24.20 
 6373 24.20 
 6399 24.20 
 6425 24.20 
 6451 24.20 
 6477 24.20 
 1658 24.40 
 1684 24.40 
 1710 24.40 
 1736 24.40 
 1762 24.40 
 1788 24.40 
 1814 24.40 
 1840 24.40 
 1866 24.40 
 1892 24.40 
 1918 24.40 
 1944 24.40 
 1970 24.40 
 1996 24.40 
 2022 24.40 
 2048 24.40 
 2074 24.40 
 2100 24.40 
 2126 24.40 
 2152 24.40 
 2178 24.40 
 2204 24.40 
 2230 24.40 
 2256 24.40 
 2282 24.40 
 2308 24.40 
 2334 24.40 
 2360 24.40 
 2386 24.40 
 2412 24.40 
 2438 24.40 
 2464 24.40 
 2490 24.40 
 2516 24.40 
 2542 24.40 
 2568 24.40 
 2594 24.40 
 2620 24.40 
 2646 24.40 
 2672 24.40 
 2698 24.40 
 2724 24.40 
 2750 24.40 
 2776 24.40 
 2802 24.40 
 2828 24.40 
 2854 24.40 
 2880 24.40 
 2906 24.40 
 2932 24.40 
 2958 24.40 
 2984 24.40 
 3010 24.40 
 3036 24.40 
 3062 24.40 
 3088 24.40 
 3114 24.40 
 3140 24.40 
 3166 24.40 
 3192 24.40 
 3218 24.40 
 3244 24.40 
 3270 24.40 
 3296 24.40 
 3322 24.40 
 3348 24.40 
 3374 24.40 
 3400 24.40 
 3426 24.40 
 3452 24.40 
 3478 24.40 
 3504 24.40 
 3530 24.40 
 3556 24.40 
 3582 24.40 
 3608 24.40 
 3634 24.40 
 3660 24.40 
 3686 24.40 
 3712 24.40 
 4423 24.40 
 4449 24.40 
 4475 24.40 
 4501 24.40 
 4527 24.40 
 4553 24.40 
 4579 24.40 
 4605 24.40 
 4631 24.40 
 4657 24.40 
 4683 24.40 
 4709 24.40 
 4735 24.40 
 4761 24.40 
 4787 24.40 
 4813 24.40 
 4839 24.40 
 4865 24.40 
 4891 24.40 
 4917 24.40 
 4943 24.40 
 4969 24.40 
 4995 24.40 
 5021 24.40 
 5047 24.40 
 5073 24.40 
 5099 24.40 
 5125 24.40 
 5151 24.40 
 5177 24.40 
 5203 24.40 
 5229 24.40 
 5255 24.40 
 5281 24.40 
 5307 24.40 
 5333 24.40 
 5359 24.40 
 5385 24.40 
 5411 24.40 
 5437 24.40 
 5463 24.40 
 5489 24.40 
 5515 24.40 
 5541 24.40 
 5567 24.40 
 5593 24.40 
 5619 24.40 
 5645 24.40 
 5671 24.40 
 5697 24.40 
 5723 24.40 
 5749 24.40 
 5775 24.40 
 5801 24.40 
 5827 24.40 
 5853 24.40 
 5879 24.40 
 5905 24.40 
 5931 24.40 
 5957 24.40 
 5983 24.40 
 6009 24.40 
 6035 24.40 
 6061 24.40 
 6087 24.40 
 6113 24.40 
 6139 24.40 
 6165 24.40 
 6191 24.40 
 6217 24.40 
 6243 24.40 
 6269 24.40 
 6295 24.40 
 6321 24.40 
 6347 24.40 
 6373 24.40 
 6399 24.40 
 6425 24.40 
 6451 24.40 
 6477 24.40 
 2872 24.60 
 2898 24.60 
 2924 24.60 
 2950 24.60 
 2976 24.60 
 3002 24.60 
 3028 24.60 
 3054 24.60 
 3080 24.60 
 3106 24.60 
 3132 24.60 
 3158 24.60 
 3184 24.60 
 3210 24.60 
 3236 24.60 
 3262 24.60 
 3288 24.60 
 3314 24.60 
 3340 24.60 
 3366 24.60 
 3392 24.60 
 3418 24.60 
 3444 24.60 
 3470 24.60 
 3496 24.60 
 3522 24.60 
 3548 24.60 
 3574 24.60 
 3600 24.60 
 3626 24.60 
 3652 24.60 
 3678 24.60 
 3704 24.60 
 3730 24.60 
 3756 24.60 
 3782 24.60 
 3808 24.60 
 3834 24.60 
 3860 24.60 
 3886 24.60 
 3912 24.60 
 3938 24.60 
 3964 24.60 
 3990 24.60 
 4016 24.60 
 4042 24.60 
 4068 24.60 
 4094 24.60 
 4120 24.60 
 4146 24.60 
 4172 24.60 
 4198 24.60 
 4224 24.60 
 4250 24.60 
 4276 24.60 
 4302 24.60 
 4328 24.60 
 4354 24.60 
 4380 24.60 
 4406 24.60 
 4432 24.60 
 4458 24.60 
 4484 24.60 
 4510 24.60 
 4536 24.60 
 4562 24.60 
 4588 24.60 
 4614 24.60 
 4640 24.60 
 4666 24.60 
 4692 24.60 
 4718 24.60 
 4744 24.60 
 4770 24.60 
 4796 24.60 
 4822 24.60 
 4848 24.60 
 4874 24.60 
 4891 24.60 
 4917 24.60 
 4943 24.60 
 4969 24.60 
 4995 24.60 
 5021 24.60 
 5047 24.60 
 5073 24.60 
 5099 24.60 
 5125 24.60 
 5151 24.60 
 5177 24.60 
 5203 24.60 
 5229 24.60 
 5255 24.60 
 5281 24.60 
 5307 24.60 
 5333 24.60 
 5359 24.60 
 5385 24.60 
 5411 24.60 
 5437 24.60 
 5463 24.60 
 5489 24.60 
 5515 24.60 
 5541 24.60 
 5567 24.60 
 5593 24.60 
 5619 24.60 
 5645 24.60 
 5671 24.60 
 5697 24.60 
 5723 24.60 
 5749 24.60 
 5775 24.60 
 5801 24.60 
 5827 24.60 
 5853 24.60 
 5879 24.60 
 5905 24.60 
 5931 24.60 
 5957 24.60 
 5983 24.60 
 6009 24.60 
 6035 24.60 
 6061 24.60 
 6087 24.60 
 6113 24.60 
 6139 24.60 
 6165 24.60 
 6191 24.60 
 6217 24.60 
 6243 24.60 
 6269 24.60 
 6295 24.60 
 6321 24.60 
 6347 24.60 
 6373 24.60 
 6399 24.60 
 6425 24.60 
 6451 24.60 
 6477 24.60 
 2668 24.80 
 2694 24.80 
 2720 24.80 
 2746 24.80 
 2772 24.80 
 2798 24.80 
 2824 24.80 
 2850 24.80 
 2876 24.80 
 2902 24.80 
 2928 24.80 
 2954 24.80 
 2980 24.80 
 3006 24.80 
 3032 24.80 
 3058 24.80 
 3084 24.80 
 3110 24.80 
 3136 24.80 
 3162 24.80 
 3188 24.80 
 3214 24.80 
 3240 24.80 
 3266 24.80 
 3292 24.80 
 3318 24.80 
 3344 24.80 
 3370 24.80 
 3396 24.80 
 3422 24.80 
 3448 24.80 
 3474 24.80 
 3500 24.80 
 3526 24.80 
 3552 24.80 
 3578 24.80 
 3604 24.80 
 3630 24.80 
 3656 24.80 
 3682 24.80 
 3708 24.80 
 3734 24.80 
 3760 24.80 
 3786 24.80 
 3812 24.80 
 3838 24.80 
 3864 24.80 
 3890 24.80 
 3916 24.80 
 3942 24.80 
 3968 24.80 
 3994 24.80 
 4020 24.80 
 4046 24.80 
 4072 24.80 
 4098 24.80 
 4124 24.80 
 4150 24.80 
 4176 24.80 
 4202 24.80 
 4228 24.80 
 4254 24.80 
 4280 24.80 
 4306 24.80 
 4332 24.80 
 4358 24.80 
 4384 24.80 
 4410 24.80 
 4436 24.80 
 4462 24.80 
 4488 24.80 
 4514 24.80 
 4540 24.80 
 4566 24.80 
 4592 24.80 
 4618 24.80 
 4644 24.80 
 4670 24.80 
 4696 24.80 
 4722 24.80 
 4744 24.80 
 4770 24.80 
 4796 24.80 
 4822 24.80 
 4848 24.80 
 4874 24.80 
 4891 24.80 
 4917 24.80 
 4943 24.80 
 4969 24.80 
 4995 24.80 
 5021 24.80 
 5047 24.80 
 5073 24.80 
 5099 24.80 
 5125 24.80 
 5151 24.80 
 5177 24.80 
 5203 24.80 
 5229 24.80 
 5255 24.80 
 5281 24.80 
 5307 24.80 
 5333 24.80 
 5359 24.80 
 5385 24.80 
 5411 24.80 
 5437 24.80 
 5463 24.80 
 5489 24.80 
 5515 24.80 
 5541 24.80 
 5567 24.80 
 5593 24.80 
 5619 24.80 
 5645 24.80 
 5671 24.80 
 5697 24.80 
 5723 24.80 
 5749 24.80 
 5775 24.80 
 5801 24.80 
 5827 24.80 
 5853 24.80 
 5879 24.80 
 5905 24.80 
 5931 24.80 
 5957 24.80 
 5983 24.80 
 6009 24.80 
 6035 24.80 
 6061 24.80 
 6087 24.80 
 6113 24.80 
 6139 24.80 
 6165 24.80 
 6191 24.80 
 6217 24.80 
 6243 24.80 
 6269 24.80 
 6295 24.80 
 6321 24.80 
 6347 24.80 
 6373 24.80 
 6399 24.80 
 6425 24.80 
 6451 24.80 
 6477 24.80 
 3288 25.00 
 3314 25.00 
 3340 25.00 
 3366 25.00 
 3392 25.00 
 3418 25.00 
 3444 25.00 
 3470 25.00 
 3496 25.00 
 3522 25.00 
 3548 25.00 
 3574 25.00 
 3600 25.00 
 3626 25.00 
 3652 25.00 
 3678 25.00 
 3704 25.00 
 3730 25.00 
 3756 25.00 
 3782 25.00 
 3808 25.00 
 3834 25.00 
 3860 25.00 
 3886 25.00 
 3912 25.00 
 3938 25.00 
 3964 25.00 
 3990 25.00 
 4016 25.00 
 4042 25.00 
 4068 25.00 
 4094 25.00 
 4120 25.00 
 4146 25.00 
 4172 25.00 
 4198 25.00 
 4224 25.00 
 4250 25.00 
 4276 25.00 
 4302 25.00 
 4328 25.00 
 4354 25.00 
 4380 25.00 
 4406 25.00 
 4432 25.00 
 4458 25.00 
 4484 25.00 
 4510 25.00 
 4536 25.00 
 4562 25.00 
 4588 25.00 
 4614 25.00 
 4640 25.00 
 4666 25.00 
 4692 25.00 
 4718 25.00 
 4744 25.00 
 4770 25.00 
 4796 25.00 
 4822 25.00 
 4848 25.00 
 4874 25.00 
 4900 25.00 
 4926 25.00 
 4952 25.00 
 4978 25.00 
 5004 25.00 
 5030 25.00 
 5056 25.00 
 5082 25.00 
 5108 25.00 
 5134 25.00 
 5160 25.00 
 5186 25.00 
 5212 25.00 
 5238 25.00 
 5255 25.00 
 5281 25.00 
 5307 25.00 
 5333 25.00 
 5359 25.00 
 5385 25.00 
 5411 25.00 
 5437 25.00 
 5463 25.00 
 5489 25.00 
 5515 25.00 
 5541 25.00 
 5567 25.00 
 5593 25.00 
 5619 25.00 
 5645 25.00 
 5671 25.00 
 5697 25.00 
 5723 25.00 
 5749 25.00 
 5775 25.00 
 5801 25.00 
 5827 25.00 
 5853 25.00 
 5879 25.00 
 5905 25.00 
 5931 25.00 
 5957 25.00 
 5983 25.00 
 6009 25.00 
 6035 25.00 
 6061 25.00 
 6087 25.00 
 6113 25.00 
 6139 25.00 
 6165 25.00 
 6191 25.00 
 6217 25.00 
 6243 25.00 
 6269 25.00 
 6295 25.00 
 6321 25.00 
 6347 25.00 
 6373 25.00 
 6399 25.00 
 6425 25.00 
 6451 25.00 
 6477 25.00 
 3828 25.20 
 3854 25.20 
 3880 25.20 
 3906 25.20 
 3932 25.20 
 3958 25.20 
 3984 25.20 
 4010 25.20 
 4036 25.20 
 4062 25.20 
 4088 25.20 
 4114 25.20 
 4140 25.20 
 4166 25.20 
 4192 25.20 
 4218 25.20 
 4244 25.20 
 4270 25.20 
 4296 25.20 
 4322 25.20 
 4348 25.20 
 4374 25.20 
 4400 25.20 
 4426 25.20 
 4452 25.20 
 4478 25.20 
 4504 25.20 
 4530 25.20 
 4556 25.20 
 4582 25.20 
 4608 25.20 
 4634 25.20 
 4660 25.20 
 4686 25.20 
 4712 25.20 
 4738 25.20 
 4764 25.20 
 4790 25.20 
 4816 25.20 
 4842 25.20 
 4868 25.20 
 4894 25.20 
 4920 25.20 
 4946 25.20 
 4972 25.20 
 4998 25.20 
 5024 25.20 
 5050 25.20 
 5076 25.20 
 5102 25.20 
 5128 25.20 
 5154 25.20 
 5180 25.20 
 5206 25.20 
 5232 25.20 
 5258 25.20 
 5284 25.20 
 5310 25.20 
 5336 25.20 
 5362 25.20 
 5388 25.20 
 5414 25.20 
 5440 25.20 
 5466 25.20 
 5492 25.20 
 5518 25.20 
 5544 25.20 
 5570 25.20 
 5596 25.20 
 5622 25.20 
 5648 25.20 
 5674 25.20 
 5700 25.20 
 5726 25.20 
 5752 25.20 
 5778 25.20 
 5804 25.20 
 5830 25.20 
 5856 25.20 
 5882 25.20 
 5905 25.20 
 5931 25.20 
 5957 25.20 
 5983 25.20 
 6009 25.20 
 6035 25.20 
 6061 25.20 
 6087 25.20 
 6113 25.20 
 6139 25.20 
 6165 25.20 
 6191 25.20 
 6217 25.20 
 6243 25.20 
 6269 25.20 
 6295 25.20 
 6321 25.20 
 6347 25.20 
 6373 25.20 
 6399 25.20 
 6425 25.20 
 6451 25.20 
 6477 25.20 
 2179 25.40 
 2205 25.40 
 2231 25.40 
 2257 25.40 
 2283 25.40 
 2309 25.40 
 2335 25.40 
 2361 25.40 
 2387 25.40 
 2413 25.40 
 2439 25.40 
 2465 25.40 
 2491 25.40 
 2517 25.40 
 2543 25.40 
 2569 25.40 
 2595 25.40 
 2621 25.40 
 2647 25.40 
 2673 25.40 
 2699 25.40 
 2725 25.40 
 2751 25.40 
 2777 25.40 
 2803 25.40 
 2829 25.40 
 2855 25.40 
 2881 25.40 
 2907 25.40 
 2933 25.40 
 2959 25.40 
 2985 25.40 
 3011 25.40 
 3037 25.40 
 3063 25.40 
 3089 25.40 
 3115 25.40 
 3141 25.40 
 3167 25.40 
 3193 25.40 
 3219 25.40 
 3245 25.40 
 3271 25.40 
 3297 25.40 
 3323 25.40 
 3349 25.40 
 3375 25.40 
 3401 25.40 
 3427 25.40 
 3453 25.40 
 3479 25.40 
 3505 25.40 
 3531 25.40 
 3557 25.40 
 3583 25.40 
 3609 25.40 
 3635 25.40 
 3661 25.40 
 3687 25.40 
 3713 25.40 
 3739 25.40 
 3765 25.40 
 3791 25.40 
 3817 25.40 
 3843 25.40 
 3869 25.40 
 3895 25.40 
 3921 25.40 
 3947 25.40 
 3973 25.40 
 3999 25.40 
 4025 25.40 
 4051 25.40 
 4077 25.40 
 4103 25.40 
 4129 25.40 
 4155 25.40 
 4181 25.40 
 4207 25.40 
 4233 25.40 
 4244 25.40 
 4270 25.40 
 4296 25.40 
 4322 25.40 
 4348 25.40 
 4374 25.40 
 4400 25.40 
 4426 25.40 
 4452 25.40 
 4478 25.40 
 4504 25.40 
 4530 25.40 
 4556 25.40 
 4582 25.40 
 4608 25.40 
 4634 25.40 
 4660 25.40 
 4686 25.40 
 4712 25.40 
 4738 25.40 
 4764 25.40 
 4790 25.40 
 4816 25.40 
 4842 25.40 
 4868 25.40 
 4894 25.40 
 4920 25.40 
 4946 25.40 
 4972 25.40 
 4998 25.40 
 5024 25.40 
 5050 25.40 
 5076 25.40 
 5102 25.40 
 5128 25.40 
 5154 25.40 
 5180 25.40 
 5206 25.40 
 5232 25.40 
 5258 25.40 
 5284 25.40 
 5310 25.40 
 5336 25.40 
 5362 25.40 
 5388 25.40 
 5414 25.40 
 5440 25.40 
 5466 25.40 
 5492 25.40 
 5518 25.40 
 5544 25.40 
 5570 25.40 
 5596 25.40 
 5622 25.40 
 5648 25.40 
 5674 25.40 
 5700 25.40 
 5726 25.40 
 5752 25.40 
 5778 25.40 
 5804 25.40 
 5830 25.40 
 5856 25.40 
 5882 25.40 
 5905 25.40 
 5931 25.40 
 5957 25.40 
 5983 25.40 
 6009 25.40 
 6035 25.40 
 6061 25.40 
 6087 25.40 
 6113 25.40 
 6139 25.40 
 6165 25.40 
 6191 25.40 
 6217 25.40 
 6243 25.40 
 6269 25.40 
 6295 25.40 
 6321 25.40 
 6347 25.40 
 6373 25.40 
 6399 25.40 
 6425 25.40 
 6451 25.40 
 6477 25.40 
 3823 25.60 
 3849 25.60 
 3875 25.60 
 3901 25.60 
 3927 25.60 
 3953 25.60 
 3979 25.60 
 4005 25.60 
 4031 25.60 
 4057 25.60 
 4083 25.60 
 4109 25.60 
 4135 25.60 
 4161 25.60 
 4187 25.60 
 4213 25.60 
 4239 25.60 
 4265 25.60 
 4291 25.60 
 4317 25.60 
 4343 25.60 
 4369 25.60 
 4395 25.60 
 4421 25.60 
 4447 25.60 
 4473 25.60 
 4499 25.60 
 4525 25.60 
 4551 25.60 
 4577 25.60 
 4603 25.60 
 4629 25.60 
 4655 25.60 
 4681 25.60 
 4707 25.60 
 4733 25.60 
 4759 25.60 
 4785 25.60 
 4811 25.60 
 4837 25.60 
 4863 25.60 
 4889 25.60 
 4915 25.60 
 4941 25.60 
 4967 25.60 
 4993 25.60 
 5019 25.60 
 5045 25.60 
 5071 25.60 
 5097 25.60 
 5123 25.60 
 5149 25.60 
 5175 25.60 
 5201 25.60 
 5227 25.60 
 5253 25.60 
 5279 25.60 
 5305 25.60 
 5331 25.60 
 5357 25.60 
 5383 25.60 
 5409 25.60 
 5435 25.60 
 5461 25.60 
 5487 25.60 
 5513 25.60 
 5539 25.60 
 5565 25.60 
 5591 25.60 
 5617 25.60 
 5643 25.60 
 5669 25.60 
 5695 25.60 
 5721 25.60 
 5747 25.60 
 5773 25.60 
 5799 25.60 
 5825 25.60 
 5851 25.60 
 5882 25.60 
 5905 25.60 
 5931 25.60 
 5957 25.60 
 5983 25.60 
 6009 25.60 
 6035 25.60 
 6061 25.60 
 6087 25.60 
 6113 25.60 
 6139 25.60 
 6165 25.60 
 6191 25.60 
 6217 25.60 
 6243 25.60 
 6269 25.60 
 6295 25.60 
 6321 25.60 
 6347 25.60 
 6373 25.60 
 6399 25.60 
 6425 25.60 
 6451 25.60 
 6477 25.60 
 3091 25.80 
 3117 25.80 
 3143 25.80 
 3169 25.80 
 3195 25.80 
 3221 25.80 
 3247 25.80 
 3273 25.80 
 3299 25.80 
 3325 25.80 
 3351 25.80 
 3377 25.80 
 3403 25.80 
 3429 25.80 
 3455 25.80 
 3481 25.80 
 3507 25.80 
 3533 25.80 
 3559 25.80 
 3585 25.80 
 3611 25.80 
 3637 25.80 
 3663 25.80 
 3689 25.80 
 3715 25.80 
 3741 25.80 
 3767 25.80 
 3793 25.80 
 3819 25.80 
 3845 25.80 
 3871 25.80 
 3897 25.80 
 3923 25.80 
 3949 25.80 
 3975 25.80 
 4001 25.80 
 4027 25.80 
 4053 25.80 
 4079 25.80 
 4105 25.80 
 4131 25.80 
 4157 25.80 
 4183 25.80 
 4209 25.80 
 4235 25.80 
 4261 25.80 
 4287 25.80 
 4313 25.80 
 4339 25.80 
 4365 25.80 
 4391 25.80 
 4417 25.80 
 4443 25.80 
 4469 25.80 
 4495 25.80 
 4521 25.80 
 4547 25.80 
 4573 25.80 
 4599 25.80 
 4625 25.80 
 4651 25.80 
 4677 25.80 
 4703 25.80 
 4729 25.80 
 4755 25.80 
 4781 25.80 
 4807 25.80 
 4833 25.80 
 4859 25.80 
 4885 25.80 
 4911 25.80 
 4937 25.80 
 4963 25.80 
 4989 25.80 
 5015 25.80 
 5041 25.80 
 5067 25.80 
 5093 25.80 
 5119 25.80 
 5145 25.80 
 5175 25.80 
 5201 25.80 
 5227 25.80 
 5253 25.80 
 5279 25.80 
 5305 25.80 
 5331 25.80 
 5357 25.80 
 5383 25.80 
 5409 25.80 
 5435 25.80 
 5461 25.80 
 5487 25.80 
 5513 25.80 
 5539 25.80 
 5565 25.80 
 5591 25.80 
 5617 25.80 
 5643 25.80 
 5669 25.80 
 5695 25.80 
 5721 25.80 
 5747 25.80 
 5773 25.80 
 5799 25.80 
 5825 25.80 
 5851 25.80 
 5882 25.80 
 5905 25.80 
 5931 25.80 
 5957 25.80 
 5983 25.80 
 6009 25.80 
 6035 25.80 
 6061 25.80 
 6087 25.80 
 6113 25.80 
 6139 25.80 
 6165 25.80 
 6191 25.80 
 6217 25.80 
 6243 25.80 
 6269 25.80 
 6295 25.80 
 6321 25.80 
 6347 25.80 
 6373 25.80 
 6399 25.80 
 6425 25.80 
 6451 25.80 
 6477 25.80 
 3044 26.10 
 3070 26.10 
 3096 26.10 
 3122 26.10 
 3148 26.10 
 3174 26.10 
 3200 26.10 
 3226 26.10 
 3252 26.10 
 3278 26.10 
 3304 26.10 
 3330 26.10 
 3356 26.10 
 3382 26.10 
 3408 26.10 
 3434 26.10 
 3460 26.10 
 3486 26.10 
 3512 26.10 
 3538 26.10 
 3564 26.10 
 3590 26.10 
 3616 26.10 
 3642 26.10 
 3668 26.10 
 3694 26.10 
 3720 26.10 
 3746 26.10 
 3772 26.10 
 3798 26.10 
 3824 26.10 
 3850 26.10 
 3876 26.10 
 3902 26.10 
 3928 26.10 
 3954 26.10 
 3980 26.10 
 4006 26.10 
 4032 26.10 
 4058 26.10 
 4084 26.10 
 4110 26.10 
 4136 26.10 
 4162 26.10 
 4188 26.10 
 4214 26.10 
 4240 26.10 
 4266 26.10 
 4292 26.10 
 4318 26.10 
 4344 26.10 
 4370 26.10 
 4396 26.10 
 4422 26.10 
 4448 26.10 
 4474 26.10 
 4500 26.10 
 4526 26.10 
 4552 26.10 
 4578 26.10 
 4604 26.10 
 4630 26.10 
 4656 26.10 
 4682 26.10 
 4708 26.10 
 4734 26.10 
 4760 26.10 
 4786 26.10 
 4812 26.10 
 4838 26.10 
 4864 26.10 
 4890 26.10 
 4916 26.10 
 4942 26.10 
 4968 26.10 
 4994 26.10 
 5041 26.10 
 5067 26.10 
 5093 26.10 
 5119 26.10 
 5145 26.10 
 5175 26.10 
 5201 26.10 
 5227 26.10 
 5253 26.10 
 5279 26.10 
 5305 26.10 
 5331 26.10 
 5357 26.10 
 5383 26.10 
 5409 26.10 
 5435 26.10 
 5461 26.10 
 5487 26.10 
 5513 26.10 
 5539 26.10 
 5565 26.10 
 5591 26.10 
 5617 26.10 
 5643 26.10 
 5669 26.10 
 5695 26.10 
 5721 26.10 
 5747 26.10 
 5773 26.10 
 5799 26.10 
 5825 26.10 
 5851 26.10 
 5882 26.10 
 5905 26.10 
 5931 26.10 
 5957 26.10 
 5983 26.10 
 6009 26.10 
 6035 26.10 
 6061 26.10 
 6087 26.10 
 6113 26.10 
 6139 26.10 
 6165 26.10 
 6191 26.10 
 6217 26.10 
 6243 26.10 
 6269 26.10 
 6295 26.10 
 6321 26.10 
 6347 26.10 
 6373 26.10 
 6399 26.10 
 6425 26.10 
 6451 26.10 
 6477 26.10 
 2516 26.30 
 2542 26.30 
 2568 26.30 
 2594 26.30 
 2620 26.30 
 2646 26.30 
 2672 26.30 
 2698 26.30 
 2724 26.30 
 2750 26.30 
 2776 26.30 
 2802 26.30 
 2828 26.30 
 2854 26.30 
 2880 26.30 
 2906 26.30 
 2932 26.30 
 2958 26.30 
 2984 26.30 
 3010 26.30 
 3036 26.30 
 3062 26.30 
 3088 26.30 
 3114 26.30 
 3140 26.30 
 3166 26.30 
 3192 26.30 
 3218 26.30 
 3244 26.30 
 3270 26.30 
 3296 26.30 
 3322 26.30 
 3348 26.30 
 3374 26.30 
 3400 26.30 
 3426 26.30 
 3452 26.30 
 3478 26.30 
 3504 26.30 
 3530 26.30 
 3556 26.30 
 3582 26.30 
 3608 26.30 
 3634 26.30 
 3660 26.30 
 3686 26.30 
 3712 26.30 
 3738 26.30 
 3764 26.30 
 3790 26.30 
 3816 26.30 
 3842 26.30 
 3868 26.30 
 3894 26.30 
 3920 26.30 
 3946 26.30 
 3972 26.30 
 3998 26.30 
 4024 26.30 
 4050 26.30 
 4076 26.30 
 4102 26.30 
 4128 26.30 
 4154 26.30 
 4180 26.30 
 4206 26.30 
 4232 26.30 
 4258 26.30 
 4284 26.30 
 4310 26.30 
 4336 26.30 
 4362 26.30 
 4388 26.30 
 4414 26.30 
 4440 26.30 
 4466 26.30 
 4474 26.30 
 4500 26.30 
 4526 26.30 
 4552 26.30 
 4578 26.30 
 4604 26.30 
 4630 26.30 
 4656 26.30 
 4682 26.30 
 4708 26.30 
 4734 26.30 
 4760 26.30 
 4786 26.30 
 4812 26.30 
 4838 26.30 
 4864 26.30 
 4890 26.30 
 4916 26.30 
 4942 26.30 
 4968 26.30 
 4994 26.30 
 5041 26.30 
 5067 26.30 
 5093 26.30 
 5119 26.30 
 5145 26.30 
 5175 26.30 
 5201 26.30 
 5227 26.30 
 5253 26.30 
 5279 26.30 
 5305 26.30 
 5331 26.30 
 5357 26.30 
 5383 26.30 
 5409 26.30 
 5435 26.30 
 5461 26.30 
 5487 26.30 
 5513 26.30 
 5539 26.30 
 5565 26.30 
 5591 26.30 
 5617 26.30 
 5643 26.30 
 5669 26.30 
 5695 26.30 
 5721 26.30 
 5747 26.30 
 5773 26.30 
 5799 26.30 
 5825 26.30 
 5851 26.30 
 5882 26.30 
 5905 26.30 
 5931 26.30 
 5957 26.30 
 5983 26.30 
 6009 26.30 
 6035 26.30 
 6061 26.30 
 6087 26.30 
 6113 26.30 
 6139 26.30 
 6165 26.30 
 6191 26.30 
 6217 26.30 
 6243 26.30 
 6269 26.30 
 6295 26.30 
 6321 26.30 
 6347 26.30 
 6373 26.30 
 6399 26.30 
 6425 26.30 
 6451 26.30 
 6477 26.30 
 3298 26.50 
 3324 26.50 
 3350 26.50 
 3376 26.50 
 3402 26.50 
 3428 26.50 
 3454 26.50 
 3480 26.50 
 3506 26.50 
 3532 26.50 
 3558 26.50 
 3584 26.50 
 3610 26.50 
 3636 26.50 
 3662 26.50 
 3688 26.50 
 3714 26.50 
 3740 26.50 
 3766 26.50 
 3792 26.50 
 3818 26.50 
 3844 26.50 
 3870 26.50 
 3896 26.50 
 3922 26.50 
 3948 26.50 
 3974 26.50 
 4000 26.50 
 4026 26.50 
 4052 26.50 
 4078 26.50 
 4104 26.50 
 4130 26.50 
 4156 26.50 
 4182 26.50 
 4208 26.50 
 4234 26.50 
 4260 26.50 
 4286 26.50 
 4312 26.50 
 4338 26.50 
 4364 26.50 
 4390 26.50 
 4416 26.50 
 4442 26.50 
 4468 26.50 
 4494 26.50 
 4520 26.50 
 4546 26.50 
 4572 26.50 
 4598 26.50 
 4624 26.50 
 4650 26.50 
 4676 26.50 
 4702 26.50 
 4728 26.50 
 4754 26.50 
 4780 26.50 
 4806 26.50 
 4832 26.50 
 4858 26.50 
 4884 26.50 
 4910 26.50 
 4936 26.50 
 4962 26.50 
 4988 26.50 
 5014 26.50 
 5040 26.50 
 5066 26.50 
 5092 26.50 
 5118 26.50 
 5144 26.50 
 5170 26.50 
 5196 26.50 
 5222 26.50 
 5248 26.50 
 5274 26.50 
 5300 26.50 
 5326 26.50 
 5352 26.50 
 5383 26.50 
 5409 26.50 
 5435 26.50 
 5461 26.50 
 5487 26.50 
 5513 26.50 
 5539 26.50 
 5565 26.50 
 5591 26.50 
 5617 26.50 
 5643 26.50 
 5669 26.50 
 5695 26.50 
 5721 26.50 
 5747 26.50 
 5773 26.50 
 5799 26.50 
 5825 26.50 
 5851 26.50 
 5882 26.50 
 5905 26.50 
 5931 26.50 
 5957 26.50 
 5983 26.50 
 6009 26.50 
 6035 26.50 
 6061 26.50 
 6087 26.50 
 6113 26.50 
 6139 26.50 
 6165 26.50 
 6191 26.50 
 6217 26.50 
 6243 26.50 
 6269 26.50 
 6295 26.50 
 6321 26.50 
 6347 26.50 
 6373 26.50 
 6399 26.50 
 6425 26.50 
 6451 26.50 
 6477 26.50 
 2353 26.70 
 2379 26.70 
 2405 26.70 
 2431 26.70 
 2457 26.70 
 2483 26.70 
 2509 26.70 
 2535 26.70 
 2561 26.70 
 2587 26.70 
 2613 26.70 
 2639 26.70 
 2665 26.70 
 2691 26.70 
 2717 26.70 
 2743 26.70 
 2769 26.70 
 2795 26.70 
 2821 26.70 
 2847 26.70 
 2873 26.70 
 2899 26.70 
 2925 26.70 
 2951 26.70 
 2977 26.70 
 3003 26.70 
 3029 26.70 
 3055 26.70 
 3081 26.70 
 3107 26.70 
 3133 26.70 
 3159 26.70 
 3185 26.70 
 3211 26.70 
 3237 26.70 
 3263 26.70 
 3289 26.70 
 3315 26.70 
 3341 26.70 
 3367 26.70 
 3393 26.70 
 3419 26.70 
 3445 26.70 
 3471 26.70 
 3497 26.70 
 3523 26.70 
 3549 26.70 
 3575 26.70 
 3601 26.70 
 3627 26.70 
 3653 26.70 
 3679 26.70 
 3705 26.70 
 3731 26.70 
 3757 26.70 
 3783 26.70 
 3809 26.70 
 3835 26.70 
 3861 26.70 
 3887 26.70 
 3913 26.70 
 3939 26.70 
 3965 26.70 
 3991 26.70 
 4017 26.70 
 4043 26.70 
 4069 26.70 
 4095 26.70 
 4121 26.70 
 4147 26.70 
 4173 26.70 
 4199 26.70 
 4225 26.70 
 4251 26.70 
 4277 26.70 
 4303 26.70 
 4329 26.70 
 4355 26.70 
 4381 26.70 
 4416 26.70 
 4442 26.70 
 4468 26.70 
 4494 26.70 
 4520 26.70 
 4546 26.70 
 4572 26.70 
 4598 26.70 
 4624 26.70 
 4650 26.70 
 4676 26.70 
 4702 26.70 
 4728 26.70 
 4754 26.70 
 4780 26.70 
 4806 26.70 
 4832 26.70 
 4858 26.70 
 4884 26.70 
 4910 26.70 
 4936 26.70 
 4962 26.70 
 4988 26.70 
 5014 26.70 
 5040 26.70 
 5066 26.70 
 5092 26.70 
 5118 26.70 
 5144 26.70 
 5170 26.70 
 5196 26.70 
 5222 26.70 
 5248 26.70 
 5274 26.70 
 5300 26.70 
 5326 26.70 
 5352 26.70 
 5383 26.70 
 5409 26.70 
 5435 26.70 
 5461 26.70 
 5487 26.70 
 5513 26.70 
 5539 26.70 
 5565 26.70 
 5591 26.70 
 5617 26.70 
 5643 26.70 
 5669 26.70 
 5695 26.70 
 5721 26.70 
 5747 26.70 
 5773 26.70 
 5799 26.70 
 5825 26.70 
 5851 26.70 
 5882 26.70 
 5905 26.70 
 5931 26.70 
 5957 26.70 
 5983 26.70 
 6009 26.70 
 6035 26.70 
 6061 26.70 
 6087 26.70 
 6113 26.70 
 6139 26.70 
 6165 26.70 
 6191 26.70 
 6217 26.70 
 6243 26.70 
 6269 26.70 
 6295 26.70 
 6321 26.70 
 6347 26.70 
 6373 26.70 
 6399 26.70 
 6425 26.70 
 6451 26.70 
 6477 26.70 
 3165 26.90 
 3191 26.90 
 3217 26.90 
 3243 26.90 
 3269 26.90 
 3295 26.90 
 3321 26.90 
 3347 26.90 
 3373 26.90 
 3399 26.90 
 3425 26.90 
 3451 26.90 
 3477 26.90 
 3503 26.90 
 3529 26.90 
 3555 26.90 
 3581 26.90 
 3607 26.90 
 3633 26.90 
 3659 26.90 
 3685 26.90 
 3711 26.90 
 3737 26.90 
 3763 26.90 
 3789 26.90 
 3815 26.90 
 3841 26.90 
 3867 26.90 
 3893 26.90 
 3919 26.90 
 3945 26.90 
 3971 26.90 
 3997 26.90 
 4023 26.90 
 4049 26.90 
 4075 26.90 
 4101 26.90 
 4127 26.90 
 4153 26.90 
 4179 26.90 
 4205 26.90 
 4231 26.90 
 4257 26.90 
 4283 26.90 
 4309 26.90 
 4335 26.90 
 4361 26.90 
 4387 26.90 
 4413 26.90 
 4439 26.90 
 4465 26.90 
 4491 26.90 
 4517 26.90 
 4543 26.90 
 4569 26.90 
 4595 26.90 
 4621 26.90 
 4647 26.90 
 4673 26.90 
 4699 26.90 
 4725 26.90 
 4751 26.90 
 4777 26.90 
 4803 26.90 
 4829 26.90 
 4855 26.90 
 4881 26.90 
 4907 26.90 
 4933 26.90 
 4959 26.90 
 4985 26.90 
 5011 26.90 
 5037 26.90 
 5063 26.90 
 5089 26.90 
 5115 26.90 
 5141 26.90 
 5167 26.90 
 5193 26.90 
 5219 26.90 
 5248 26.90 
 5274 26.90 
 5300 26.90 
 5326 26.90 
 5352 26.90 
 5383 26.90 
 5409 26.90 
 5435 26.90 
 5461 26.90 
 5487 26.90 
 5513 26.90 
 5539 26.90 
 5565 26.90 
 5591 26.90 
 5617 26.90 
 5643 26.90 
 5669 26.90 
 5695 26.90 
 5721 26.90 
 5747 26.90 
 5773 26.90 
 5799 26.90 
 5825 26.90 
 5851 26.90 
 5882 26.90 
 5905 26.90 
 5931 26.90 
 5957 26.90 
 5983 26.90 
 6009 26.90 
 6035 26.90 
 6061 26.90 
 6087 26.90 
 6113 26.90 
 6139 26.90 
 6165 26.90 
 6191 26.90 
 6217 26.90 
 6243 26.90 
 6269 26.90 
 6295 26.90 
 6321 26.90 
 6347 26.90 
 6373 26.90 
 6399 26.90 
 6425 26.90 
 6451 26.90 
 6477 26.90 
 2094 27.10 
 2120 27.10 
 2146 27.10 
 2172 27.10 
 2198 27.10 
 2224 27.10 
 2250 27.10 
 2276 27.10 
 2302 27.10 
 2328 27.10 
 2354 27.10 
 2380 27.10 
 2406 27.10 
 2432 27.10 
 2458 27.10 
 2484 27.10 
 2510 27.10 
 2536 27.10 
 2562 27.10 
 2588 27.10 
 2614 27.10 
 2640 27.10 
 2666 27.10 
 2692 27.10 
 2718 27.10 
 2744 27.10 
 2770 27.10 
 2796 27.10 
 2822 27.10 
 2848 27.10 
 2874 27.10 
 2900 27.10 
 2926 27.10 
 2952 27.10 
 2978 27.10 
 3004 27.10 
 3030 27.10 
 3056 27.10 
 3082 27.10 
 3108 27.10 
 3134 27.10 
 3160 27.10 
 3186 27.10 
 3212 27.10 
 3238 27.10 
 3264 27.10 
 3290 27.10 
 3316 27.10 
 3342 27.10 
 3368 27.10 
 3394 27.10 
 3420 27.10 
 3446 27.10 
 3472 27.10 
 3498 27.10 
 3524 27.10 
 3550 27.10 
 3576 27.10 
 3602 27.10 
 3628 27.10 
 3654 27.10 
 3680 27.10 
 3706 27.10 
 3732 27.10 
 3758 27.10 
 3784 27.10 
 3810 27.10 
 3836 27.10 
 3862 27.10 
 3888 27.10 
 3914 27.10 
 3940 27.10 
 3966 27.10 
 3992 27.10 
 4018 27.10 
 4044 27.10 
 4070 27.10 
 4096 27.10 
 4122 27.10 
 4148 27.10 
 4179 27.10 
 4205 27.10 
 4231 27.10 
 4257 27.10 
 4283 27.10 
 4309 27.10 
 4335 27.10 
 4361 27.10 
 4387 27.10 
 4413 27.10 
 4439 27.10 
 4465 27.10 
 4491 27.10 
 4517 27.10 
 4543 27.10 
 4569 27.10 
 4595 27.10 
 4621 27.10 
 4647 27.10 
 4673 27.10 
 4699 27.10 
 4725 27.10 
 4751 27.10 
 4777 27.10 
 4803 27.10 
 4829 27.10 
 4855 27.10 
 4881 27.10 
 4907 27.10 
 4933 27.10 
 4959 27.10 
 4985 27.10 
 5011 27.10 
 5037 27.10 
 5063 27.10 
 5089 27.10 
 5115 27.10 
 5141 27.10 
 5167 27.10 
 5193 27.10 
 5219 27.10 
 5248 27.10 
 5274 27.10 
 5300 27.10 
 5326 27.10 
 5352 27.10 
 5383 27.10 
 5409 27.10 
 5435 27.10 
 5461 27.10 
 5487 27.10 
 5513 27.10 
 5539 27.10 
 5565 27.10 
 5591 27.10 
 5617 27.10 
 5643 27.10 
 5669 27.10 
 5695 27.10 
 5721 27.10 
 5747 27.10 
 5773 27.10 
 5799 27.10 
 5825 27.10 
 5851 27.10 
 5882 27.10 
 5905 27.10 
 5931 27.10 
 5957 27.10 
 5983 27.10 
 6009 27.10 
 6035 27.10 
 6061 27.10 
 6087 27.10 
 6113 27.10 
 6139 27.10 
 6165 27.10 
 6191 27.10 
 6217 27.10 
 6243 27.10 
 6269 27.10 
 6295 27.10 
 6321 27.10 
 6347 27.10 
 6373 27.10 
 6399 27.10 
 6425 27.10 
 6451 27.10 
 6477 27.10 
 2323 27.30 
 2349 27.30 
 2375 27.30 
 2401 27.30 
 2427 27.30 
 2453 27.30 
 2479 27.30 
 2505 27.30 
 2531 27.30 
 2557 27.30 
 2583 27.30 
 2609 27.30 
 2635 27.30 
 2661 27.30 
 2687 27.30 
 2713 27.30 
 2739 27.30 
 2765 27.30 
 2791 27.30 
 2817 27.30 
 2843 27.30 
 2869 27.30 
 2895 27.30 
 2921 27.30 
 2947 27.30 
 2973 27.30 
 2999 27.30 
 3025 27.30 
 3051 27.30 
 3077 27.30 
 3103 27.30 
 3129 27.30 
 3155 27.30 
 3181 27.30 
 3207 27.30 
 3233 27.30 
 3259 27.30 
 3285 27.30 
 3311 27.30 
 3337 27.30 
 3363 27.30 
 3389 27.30 
 3415 27.30 
 3441 27.30 
 3467 27.30 
 3493 27.30 
 3519 27.30 
 3545 27.30 
 3571 27.30 
 3597 27.30 
 3623 27.30 
 3649 27.30 
 3675 27.30 
 3701 27.30 
 3727 27.30 
 3753 27.30 
 3779 27.30 
 3805 27.30 
 3831 27.30 
 3857 27.30 
 3883 27.30 
 3909 27.30 
 3935 27.30 
 3961 27.30 
 3987 27.30 
 4013 27.30 
 4039 27.30 
 4065 27.30 
 4091 27.30 
 4117 27.30 
 4143 27.30 
 4169 27.30 
 4195 27.30 
 4221 27.30 
 4247 27.30 
 4273 27.30 
 4299 27.30 
 4325 27.30 
 4351 27.30 
 4377 27.30 
 4413 27.30 
 4439 27.30 
 4465 27.30 
 4491 27.30 
 4517 27.30 
 4543 27.30 
 4569 27.30 
 4595 27.30 
 4621 27.30 
 4647 27.30 
 4673 27.30 
 4699 27.30 
 4725 27.30 
 4751 27.30 
 4777 27.30 
 4803 27.30 
 4829 27.30 
 4855 27.30 
 4881 27.30 
 4907 27.30 
 4933 27.30 
 4959 27.30 
 4985 27.30 
 5011 27.30 
 5037 27.30 
 5063 27.30 
 5089 27.30 
 5115 27.30 
 5141 27.30 
 5167 27.30 
 5193 27.30 
 5219 27.30 
 5248 27.30 
 5274 27.30 
 5300 27.30 
 5326 27.30 
 5352 27.30 
 5383 27.30 
 5409 27.30 
 5435 27.30 
 5461 27.30 
 5487 27.30 
 5513 27.30 
 5539 27.30 
 5565 27.30 
 5591 27.30 
 5617 27.30 
 5643 27.30 
 5669 27.30 
 5695 27.30 
 5721 27.30 
 5747 27.30 
 5773 27.30 
 5799 27.30 
 5825 27.30 
 5851 27.30 
 5882 27.30 
 5905 27.30 
 5931 27.30 
 5957 27.30 
 5983 27.30 
 6009 27.30 
 6035 27.30 
 6061 27.30 
 6087 27.30 
 6113 27.30 
 6139 27.30 
 6165 27.30 
 6191 27.30 
 6217 27.30 
 6243 27.30 
 6269 27.30 
 6295 27.30 
 6321 27.30 
 6347 27.30 
 6373 27.30 
 6399 27.30 
 6425 27.30 
 6451 27.30 
 6477 27.30 
 2541 27.50 
 2567 27.50 
 2593 27.50 
 2619 27.50 
 2645 27.50 
 2671 27.50 
 2697 27.50 
 2723 27.50 
 2749 27.50 
 2775 27.50 
 2801 27.50 
 2827 27.50 
 2853 27.50 
 2879 27.50 
 2905 27.50 
 2931 27.50 
 2957 27.50 
 2983 27.50 
 3009 27.50 
 3035 27.50 
 3061 27.50 
 3087 27.50 
 3113 27.50 
 3139 27.50 
 3165 27.50 
 3191 27.50 
 3217 27.50 
 3243 27.50 
 3269 27.50 
 3295 27.50 
 3321 27.50 
 3347 27.50 
 3373 27.50 
 3399 27.50 
 3425 27.50 
 3451 27.50 
 3477 27.50 
 3503 27.50 
 3529 27.50 
 3555 27.50 
 3581 27.50 
 3607 27.50 
 3633 27.50 
 3659 27.50 
 3685 27.50 
 3711 27.50 
 3737 27.50 
 3763 27.50 
 3789 27.50 
 3815 27.50 
 3841 27.50 
 3867 27.50 
 3893 27.50 
 3919 27.50 
 3945 27.50 
 3971 27.50 
 3997 27.50 
 4023 27.50 
 4049 27.50 
 4075 27.50 
 4101 27.50 
 4127 27.50 
 4153 27.50 
 4179 27.50 
 4205 27.50 
 4231 27.50 
 4257 27.50 
 4283 27.50 
 4309 27.50 
 4335 27.50 
 4361 27.50 
 4387 27.50 
 4413 27.50 
 4439 27.50 
 4465 27.50 
 4491 27.50 
 4517 27.50 
 4543 27.50 
 4569 27.50 
 4595 27.50 
 4621 27.50 
 4647 27.50 
 4673 27.50 
 4699 27.50 
 4725 27.50 
 4751 27.50 
 4777 27.50 
 4803 27.50 
 4829 27.50 
 4855 27.50 
 4881 27.50 
 4907 27.50 
 4933 27.50 
 4959 27.50 
 4985 27.50 
 5011 27.50 
 5037 27.50 
 5063 27.50 
 5089 27.50 
 5115 27.50 
 5141 27.50 
 5167 27.50 
 5193 27.50 
 5219 27.50 
 5248 27.50 
 5274 27.50 
 5300 27.50 
 5326 27.50 
 5352 27.50 
 5383 27.50 
 5409 27.50 
 5435 27.50 
 5461 27.50 
 5487 27.50 
 5513 27.50 
 5539 27.50 
 5565 27.50 
 5591 27.50 
 5617 27.50 
 5643 27.50 
 5669 27.50 
 5695 27.50 
 5721 27.50 
 5747 27.50 
 5773 27.50 
 5799 27.50 
 5825 27.50 
 5851 27.50 
 5882 27.50 
 5905 27.50 
 5931 27.50 
 5957 27.50 
 5983 27.50 
 6009 27.50 
 6035 27.50 
 6061 27.50 
 6087 27.50 
 6113 27.50 
 6139 27.50 
 6165 27.50 
 6191 27.50 
 6217 27.50 
 6243 27.50 
 6269 27.50 
 6295 27.50 
 6321 27.50 
 6347 27.50 
 6373 27.50 
 6399 27.50 
 6425 27.50 
 6451 27.50 
 6477 27.50 
 2791 27.70 
 2817 27.70 
 2843 27.70 
 2869 27.70 
 2895 27.70 
 2921 27.70 
 2947 27.70 
 2973 27.70 
 2999 27.70 
 3025 27.70 
 3051 27.70 
 3077 27.70 
 3103 27.70 
 3129 27.70 
 3155 27.70 
 3181 27.70 
 3207 27.70 
 3233 27.70 
 3259 27.70 
 3285 27.70 
 3311 27.70 
 3337 27.70 
 3363 27.70 
 3389 27.70 
 3415 27.70 
 3441 27.70 
 3467 27.70 
 3493 27.70 
 3519 27.70 
 3545 27.70 
 3571 27.70 
 3597 27.70 
 3623 27.70 
 3649 27.70 
 3675 27.70 
 3701 27.70 
 3727 27.70 
 3753 27.70 
 3779 27.70 
 3805 27.70 
 3831 27.70 
 3857 27.70 
 3883 27.70 
 3909 27.70 
 3935 27.70 
 3961 27.70 
 3987 27.70 
 4013 27.70 
 4039 27.70 
 4065 27.70 
 4091 27.70 
 4117 27.70 
 4143 27.70 
 4169 27.70 
 4195 27.70 
 4221 27.70 
 4247 27.70 
 4273 27.70 
 4299 27.70 
 4325 27.70 
 4351 27.70 
 4377 27.70 
 4403 27.70 
 4429 27.70 
 4455 27.70 
 4481 27.70 
 4507 27.70 
 4533 27.70 
 4559 27.70 
 4585 27.70 
 4611 27.70 
 4637 27.70 
 4663 27.70 
 4689 27.70 
 4715 27.70 
 4741 27.70 
 4767 27.70 
 4793 27.70 
 4819 27.70 
 4845 27.70 
 4881 27.70 
 4907 27.70 
 4933 27.70 
 4959 27.70 
 4985 27.70 
 5011 27.70 
 5037 27.70 
 5063 27.70 
 5089 27.70 
 5115 27.70 
 5141 27.70 
 5167 27.70 
 5193 27.70 
 5219 27.70 
 5248 27.70 
 5274 27.70 
 5300 27.70 
 5326 27.70 
 5352 27.70 
 5383 27.70 
 5409 27.70 
 5435 27.70 
 5461 27.70 
 5487 27.70 
 5513 27.70 
 5539 27.70 
 5565 27.70 
 5591 27.70 
 5617 27.70 
 5643 27.70 
 5669 27.70 
 5695 27.70 
 5721 27.70 
 5747 27.70 
 5773 27.70 
 5799 27.70 
 5825 27.70 
 5851 27.70 
 5882 27.70 
 5905 27.70 
 5931 27.70 
 5957 27.70 
 5983 27.70 
 6009 27.70 
 6035 27.70 
 6061 27.70 
 6087 27.70 
 6113 27.70 
 6139 27.70 
 6165 27.70 
 6191 27.70 
 6217 27.70 
 6243 27.70 
 6269 27.70 
 6295 27.70 
 6321 27.70 
 6347 27.70 
 6373 27.70 
 6399 27.70 
 6425 27.70 
 6451 27.70 
 6477 27.70 
 1905 27.90 
 1931 27.90 
 1957 27.90 
 1983 27.90 
 2009 27.90 
 2035 27.90 
 2061 27.90 
 2087 27.90 
 2113 27.90 
 2139 27.90 
 2165 27.90 
 2191 27.90 
 2217 27.90 
 2243 27.90 
 2269 27.90 
 2295 27.90 
 2321 27.90 
 2347 27.90 
 2373 27.90 
 2399 27.90 
 2425 27.90 
 2451 27.90 
 2477 27.90 
 2503 27.90 
 2529 27.90 
 2555 27.90 
 2581 27.90 
 2607 27.90 
 2633 27.90 
 2659 27.90 
 2685 27.90 
 2711 27.90 
 2737 27.90 
 2763 27.90 
 2789 27.90 
 2815 27.90 
 2841 27.90 
 2867 27.90 
 2893 27.90 
 2919 27.90 
 2945 27.90 
 2971 27.90 
 2997 27.90 
 3023 27.90 
 3049 27.90 
 3075 27.90 
 3101 27.90 
 3127 27.90 
 3153 27.90 
 3179 27.90 
 3205 27.90 
 3231 27.90 
 3257 27.90 
 3283 27.90 
 3309 27.90 
 3335 27.90 
 3361 27.90 
 3387 27.90 
 3413 27.90 
 3439 27.90 
 3465 27.90 
 3491 27.90 
 3517 27.90 
 3543 27.90 
 3569 27.90 
 3595 27.90 
 3621 27.90 
 3647 27.90 
 3673 27.90 
 3699 27.90 
 3725 27.90 
 3751 27.90 
 3777 27.90 
 3803 27.90 
 3829 27.90 
 3855 27.90 
 3881 27.90 
 3907 27.90 
 3935 27.90 
 3961 27.90 
 3987 27.90 
 4013 27.90 
 4039 27.90 
 4065 27.90 
 4091 27.90 
 4117 27.90 
 4143 27.90 
 4169 27.90 
 4195 27.90 
 4221 27.90 
 4247 27.90 
 4273 27.90 
 4299 27.90 
 4325 27.90 
 4351 27.90 
 4377 27.90 
 4403 27.90 
 4429 27.90 
 4455 27.90 
 4481 27.90 
 4507 27.90 
 4533 27.90 
 4559 27.90 
 4585 27.90 
 4611 27.90 
 4637 27.90 
 4663 27.90 
 4689 27.90 
 4715 27.90 
 4741 27.90 
 4767 27.90 
 4793 27.90 
 4819 27.90 
 4845 27.90 
 4881 27.90 
 4907 27.90 
 4933 27.90 
 4959 27.90 
 4985 27.90 
 5011 27.90 
 5037 27.90 
 5063 27.90 
 5089 27.90 
 5115 27.90 
 5141 27.90 
 5167 27.90 
 5193 27.90 
 5219 27.90 
 5248 27.90 
 5274 27.90 
 5300 27.90 
 5326 27.90 
 5352 27.90 
 5383 27.90 
 5409 27.90 
 5435 27.90 
 5461 27.90 
 5487 27.90 
 5513 27.90 
 5539 27.90 
 5565 27.90 
 5591 27.90 
 5617 27.90 
 5643 27.90 
 5669 27.90 
 5695 27.90 
 5721 27.90 
 5747 27.90 
 5773 27.90 
 5799 27.90 
 5825 27.90 
 5851 27.90 
 5882 27.90 
 5905 27.90 
 5931 27.90 
 5957 27.90 
 5983 27.90 
 6009 27.90 
 6035 27.90 
 6061 27.90 
 6087 27.90 
 6113 27.90 
 6139 27.90 
 6165 27.90 
 6191 27.90 
 6217 27.90 
 6243 27.90 
 6269 27.90 
 6295 27.90 
 6321 27.90 
 6347 27.90 
 6373 27.90 
 6399 27.90 
 6425 27.90 
 6451 27.90 
 6477 27.90 
 4097 27.90 
 4123 27.90 
 4149 27.90 
 4175 27.90 
 4201 27.90 
 4227 27.90 
 4253 27.90 
 4279 27.90 
 4305 27.90 
 4331 27.90 
 4357 27.90 
 4383 27.90 
 4409 27.90 
 4435 27.90 
 4461 27.90 
 4487 27.90 
 4513 27.90 
 4539 27.90 
 4565 27.90 
 4591 27.90 
 4617 27.90 
 4643 27.90 
 4669 27.90 
 4695 27.90 
 4721 27.90 
 4747 27.90 
 4773 27.90 
 4799 27.90 
 4825 27.90 
 4851 27.90 
 4877 27.90 
 4903 27.90 
 4929 27.90 
 4955 27.90 
 4981 27.90 
 5007 27.90 
 5033 27.90 
 5059 27.90 
 5085 27.90 
 5111 27.90 
 5137 27.90 
 5163 27.90 
 5189 27.90 
 5215 27.90 
 5241 27.90 
 5267 27.90 
 5293 27.90 
 5319 27.90 
 5345 27.90 
 5371 27.90 
 5397 27.90 
 5423 27.90 
 5449 27.90 
 5475 27.90 
 5501 27.90 
 5527 27.90 
 5553 27.90 
 5579 27.90 
 5605 27.90 
 5631 27.90 
 5657 27.90 
 5683 27.90 
 5709 27.90 
 5735 27.90 
 5761 27.90 
 5787 27.90 
 5813 27.90 
 5839 27.90 
 5865 27.90 
 5891 27.90 
 5917 27.90 
 5943 27.90 
 5969 27.90 
 5995 27.90 
 6021 27.90 
 6047 27.90 
 6073 27.90 
 6099 27.90 
 6125 27.90 
 6151 27.90 
 6191 27.90 
 6217 27.90 
 6243 27.90 
 6269 27.90 
 6295 27.90 
 6321 27.90 
 6347 27.90 
 6373 27.90 
 6399 27.90 
 6425 27.90 
 6451 27.90 
 6477 27.90 
 3879 28.10 
 3905 28.10 
 3931 28.10 
 3957 28.10 
 3983 28.10 
 4009 28.10 
 4035 28.10 
 4061 28.10 
 4087 28.10 
 4113 28.10 
 4139 28.10 
 4165 28.10 
 4191 28.10 
 4217 28.10 
 4243 28.10 
 4269 28.10 
 4295 28.10 
 4321 28.10 
 4347 28.10 
 4373 28.10 
 4399 28.10 
 4425 28.10 
 4451 28.10 
 4477 28.10 
 4503 28.10 
 4529 28.10 
 4555 28.10 
 4581 28.10 
 4607 28.10 
 4633 28.10 
 4659 28.10 
 4685 28.10 
 4711 28.10 
 4737 28.10 
 4763 28.10 
 4789 28.10 
 4815 28.10 
 4841 28.10 
 4867 28.10 
 4893 28.10 
 4919 28.10 
 4945 28.10 
 4971 28.10 
 4997 28.10 
 5023 28.10 
 5049 28.10 
 5075 28.10 
 5101 28.10 
 5127 28.10 
 5153 28.10 
 5179 28.10 
 5205 28.10 
 5231 28.10 
 5257 28.10 
 5283 28.10 
 5309 28.10 
 5335 28.10 
 5361 28.10 
 5387 28.10 
 5413 28.10 
 5439 28.10 
 5465 28.10 
 5491 28.10 
 5517 28.10 
 5543 28.10 
 5569 28.10 
 5595 28.10 
 5621 28.10 
 5647 28.10 
 5683 28.10 
 5709 28.10 
 5735 28.10 
 5761 28.10 
 5787 28.10 
 5813 28.10 
 5839 28.10 
 5865 28.10 
 5891 28.10 
 5917 28.10 
 5943 28.10 
 5969 28.10 
 5995 28.10 
 6021 28.10 
 6047 28.10 
 6073 28.10 
 6099 28.10 
 6125 28.10 
 6151 28.10 
 6191 28.10 
 6217 28.10 
 6243 28.10 
 6269 28.10 
 6295 28.10 
 6321 28.10 
 6347 28.10 
 6373 28.10 
 6399 28.10 
 6425 28.10 
 6451 28.10 
 6477 28.10 
 2807 28.30 
 2833 28.30 
 2859 28.30 
 2885 28.30 
 2911 28.30 
 2937 28.30 
 2963 28.30 
 2989 28.30 
 3015 28.30 
 3041 28.30 
 3067 28.30 
 3093 28.30 
 3119 28.30 
 3145 28.30 
 3171 28.30 
 3197 28.30 
 3223 28.30 
 3249 28.30 
 3275 28.30 
 3301 28.30 
 3327 28.30 
 3353 28.30 
 3379 28.30 
 3405 28.30 
 3431 28.30 
 3457 28.30 
 3483 28.30 
 3509 28.30 
 3535 28.30 
 3561 28.30 
 3587 28.30 
 3613 28.30 
 3639 28.30 
 3665 28.30 
 3691 28.30 
 3717 28.30 
 3743 28.30 
 3769 28.30 
 3795 28.30 
 3821 28.30 
 3847 28.30 
 3873 28.30 
 3899 28.30 
 3925 28.30 
 3951 28.30 
 3977 28.30 
 4003 28.30 
 4029 28.30 
 4055 28.30 
 4081 28.30 
 4107 28.30 
 4133 28.30 
 4159 28.30 
 4185 28.30 
 4211 28.30 
 4237 28.30 
 4263 28.30 
 4289 28.30 
 4315 28.30 
 4341 28.30 
 4367 28.30 
 4393 28.30 
 4419 28.30 
 4445 28.30 
 4471 28.30 
 4497 28.30 
 4523 28.30 
 4549 28.30 
 4575 28.30 
 4601 28.30 
 4627 28.30 
 4653 28.30 
 4679 28.30 
 4705 28.30 
 4731 28.30 
 4757 28.30 
 4783 28.30 
 4809 28.30 
 4835 28.30 
 4861 28.30 
 4893 28.30 
 4919 28.30 
 4945 28.30 
 4971 28.30 
 4997 28.30 
 5023 28.30 
 5049 28.30 
 5075 28.30 
 5101 28.30 
 5127 28.30 
 5153 28.30 
 5179 28.30 
 5205 28.30 
 5231 28.30 
 5257 28.30 
 5283 28.30 
 5309 28.30 
 5335 28.30 
 5361 28.30 
 5387 28.30 
 5413 28.30 
 5439 28.30 
 5465 28.30 
 5491 28.30 
 5517 28.30 
 5543 28.30 
 5569 28.30 
 5595 28.30 
 5621 28.30 
 5647 28.30 
 5683 28.30 
 5709 28.30 
 5735 28.30 
 5761 28.30 
 5787 28.30 
 5813 28.30 
 5839 28.30 
 5865 28.30 
 5891 28.30 
 5917 28.30 
 5943 28.30 
 5969 28.30 
 5995 28.30 
 6021 28.30 
 6047 28.30 
 6073 28.30 
 6099 28.30 
 6125 28.30 
 6151 28.30 
 6191 28.30 
 6217 28.30 
 6243 28.30 
 6269 28.30 
 6295 28.30 
 6321 28.30 
 6347 28.30 
 6373 28.30 
 6399 28.30 
 6425 28.30 
 6451 28.30 
 6477 28.30 
 4218 28.50 
 4244 28.50 
 4270 28.50 
 4296 28.50 
 4322 28.50 
 4348 28.50 
 4374 28.50 
 4400 28.50 
 4426 28.50 
 4452 28.50 
 4478 28.50 
 4504 28.50 
 4530 28.50 
 4556 28.50 
 4582 28.50 
 4608 28.50 
 4634 28.50 
 4660 28.50 
 4686 28.50 
 4712 28.50 
 4738 28.50 
 4764 28.50 
 4790 28.50 
 4816 28.50 
 4842 28.50 
 4868 28.50 
 4894 28.50 
 4920 28.50 
 4946 28.50 
 4972 28.50 
 4998 28.50 
 5024 28.50 
 5050 28.50 
 5076 28.50 
 5102 28.50 
 5128 28.50 
 5154 28.50 
 5180 28.50 
 5206 28.50 
 5232 28.50 
 5258 28.50 
 5284 28.50 
 5310 28.50 
 5336 28.50 
 5362 28.50 
 5388 28.50 
 5414 28.50 
 5440 28.50 
 5466 28.50 
 5492 28.50 
 5518 28.50 
 5544 28.50 
 5570 28.50 
 5596 28.50 
 5622 28.50 
 5648 28.50 
 5674 28.50 
 5700 28.50 
 5726 28.50 
 5752 28.50 
 5778 28.50 
 5804 28.50 
 5830 28.50 
 5856 28.50 
 5882 28.50 
 5908 28.50 
 5934 28.50 
 5960 28.50 
 5986 28.50 
 6012 28.50 
 6038 28.50 
 6064 28.50 
 6090 28.50 
 6116 28.50 
 6142 28.50 
 6168 28.50 
 6191 28.50 
 6217 28.50 
 6243 28.50 
 6269 28.50 
 6295 28.50 
 6321 28.50 
 6347 28.50 
 6373 28.50 
 6399 28.50 
 6425 28.50 
 6451 28.50 
 6477 28.50 
 4034 28.70 
 4060 28.70 
 4086 28.70 
 4112 28.70 
 4138 28.70 
 4164 28.70 
 4190 28.70 
 4216 28.70 
 4242 28.70 
 4268 28.70 
 4294 28.70 
 4320 28.70 
 4346 28.70 
 4372 28.70 
 4398 28.70 
 4424 28.70 
 4450 28.70 
 4476 28.70 
 4502 28.70 
 4528 28.70 
 4554 28.70 
 4580 28.70 
 4606 28.70 
 4632 28.70 
 4658 28.70 
 4684 28.70 
 4710 28.70 
 4736 28.70 
 4762 28.70 
 4788 28.70 
 4814 28.70 
 4840 28.70 
 4866 28.70 
 4892 28.70 
 4918 28.70 
 4944 28.70 
 4970 28.70 
 4996 28.70 
 5022 28.70 
 5048 28.70 
 5074 28.70 
 5100 28.70 
 5126 28.70 
 5152 28.70 
 5178 28.70 
 5204 28.70 
 5230 28.70 
 5256 28.70 
 5282 28.70 
 5308 28.70 
 5334 28.70 
 5360 28.70 
 5386 28.70 
 5412 28.70 
 5438 28.70 
 5464 28.70 
 5490 28.70 
 5516 28.70 
 5542 28.70 
 5568 28.70 
 5594 28.70 
 5620 28.70 
 5646 28.70 
 5672 28.70 
 5698 28.70 
 5724 28.70 
 5750 28.70 
 5776 28.70 
 5802 28.70 
 5828 28.70 
 5854 28.70 
 5880 28.70 
 5906 28.70 
 5932 28.70 
 5958 28.70 
 5984 28.70 
 6010 28.70 
 6036 28.70 
 6062 28.70 
 6090 28.70 
 6116 28.70 
 6142 28.70 
 6168 28.70 
 6191 28.70 
 6217 28.70 
 6243 28.70 
 6269 28.70 
 6295 28.70 
 6321 28.70 
 6347 28.70 
 6373 28.70 
 6399 28.70 
 6425 28.70 
 6451 28.70 
 6477 28.70 
 1673 28.90 
 1699 28.90 
 1725 28.90 
 1751 28.90 
 1777 28.90 
 1803 28.90 
 1829 28.90 
 1855 28.90 
 1881 28.90 
 1907 28.90 
 1933 28.90 
 1959 28.90 
 1985 28.90 
 2011 28.90 
 2037 28.90 
 2063 28.90 
 2089 28.90 
 2115 28.90 
 2141 28.90 
 2167 28.90 
 2193 28.90 
 2219 28.90 
 2245 28.90 
 2271 28.90 
 2297 28.90 
 2323 28.90 
 2349 28.90 
 2375 28.90 
 2401 28.90 
 2427 28.90 
 2453 28.90 
 2479 28.90 
 2505 28.90 
 2531 28.90 
 2557 28.90 
 2583 28.90 
 2609 28.90 
 2635 28.90 
 2661 28.90 
 2687 28.90 
 2713 28.90 
 2739 28.90 
 2765 28.90 
 2791 28.90 
 2817 28.90 
 2843 28.90 
 2869 28.90 
 2895 28.90 
 2921 28.90 
 2947 28.90 
 2973 28.90 
 2999 28.90 
 3025 28.90 
 3051 28.90 
 3077 28.90 
 3103 28.90 
 3129 28.90 
 3155 28.90 
 3181 28.90 
 3207 28.90 
 3233 28.90 
 3259 28.90 
 3285 28.90 
 3311 28.90 
 3337 28.90 
 3363 28.90 
 3389 28.90 
 3415 28.90 
 3441 28.90 
 3467 28.90 
 3493 28.90 
 3519 28.90 
 3545 28.90 
 3571 28.90 
 3597 28.90 
 3623 28.90 
 3649 28.90 
 4034 28.90 
 4060 28.90 
 4086 28.90 
 4112 28.90 
 4138 28.90 
 4164 28.90 
 4190 28.90 
 4216 28.90 
 4242 28.90 
 4268 28.90 
 4294 28.90 
 4320 28.90 
 4346 28.90 
 4372 28.90 
 4398 28.90 
 4424 28.90 
 4450 28.90 
 4476 28.90 
 4502 28.90 
 4528 28.90 
 4554 28.90 
 4580 28.90 
 4606 28.90 
 4632 28.90 
 4658 28.90 
 4684 28.90 
 4710 28.90 
 4736 28.90 
 4762 28.90 
 4788 28.90 
 4814 28.90 
 4840 28.90 
 4866 28.90 
 4892 28.90 
 4918 28.90 
 4944 28.90 
 4970 28.90 
 4996 28.90 
 5022 28.90 
 5048 28.90 
 5074 28.90 
 5100 28.90 
 5126 28.90 
 5152 28.90 
 5178 28.90 
 5204 28.90 
 5230 28.90 
 5256 28.90 
 5282 28.90 
 5308 28.90 
 5334 28.90 
 5360 28.90 
 5386 28.90 
 5412 28.90 
 5438 28.90 
 5464 28.90 
 5490 28.90 
 5516 28.90 
 5542 28.90 
 5568 28.90 
 5594 28.90 
 5620 28.90 
 5646 28.90 
 5672 28.90 
 5698 28.90 
 5724 28.90 
 5750 28.90 
 5776 28.90 
 5802 28.90 
 5828 28.90 
 5854 28.90 
 5880 28.90 
 5906 28.90 
 5932 28.90 
 5958 28.90 
 5984 28.90 
 6010 28.90 
 6036 28.90 
 6062 28.90 
 6090 28.90 
 6116 28.90 
 6142 28.90 
 6168 28.90 
 6191 28.90 
 6217 28.90 
 6243 28.90 
 6269 28.90 
 6295 28.90 
 6321 28.90 
 6347 28.90 
 6373 28.90 
 6399 28.90 
 6425 28.90 
 6451 28.90 
 6477 28.90 
 4236 29.10 
 4262 29.10 
 4288 29.10 
 4314 29.10 
 4340 29.10 
 4366 29.10 
 4392 29.10 
 4418 29.10 
 4444 29.10 
 4470 29.10 
 4496 29.10 
 4522 29.10 
 4548 29.10 
 4574 29.10 
 4600 29.10 
 4626 29.10 
 4652 29.10 
 4678 29.10 
 4704 29.10 
 4730 29.10 
 4756 29.10 
 4782 29.10 
 4808 29.10 
 4834 29.10 
 4860 29.10 
 4886 29.10 
 4912 29.10 
 4938 29.10 
 4964 29.10 
 4990 29.10 
 5016 29.10 
 5042 29.10 
 5068 29.10 
 5094 29.10 
 5120 29.10 
 5146 29.10 
 5172 29.10 
 5198 29.10 
 5224 29.10 
 5250 29.10 
 5276 29.10 
 5302 29.10 
 5328 29.10 
 5354 29.10 
 5380 29.10 
 5406 29.10 
 5432 29.10 
 5458 29.10 
 5484 29.10 
 5510 29.10 
 5536 29.10 
 5562 29.10 
 5588 29.10 
 5614 29.10 
 5640 29.10 
 5666 29.10 
 5692 29.10 
 5718 29.10 
 5744 29.10 
 5770 29.10 
 5796 29.10 
 5822 29.10 
 5848 29.10 
 5874 29.10 
 5900 29.10 
 5926 29.10 
 5952 29.10 
 5978 29.10 
 6004 29.10 
 6030 29.10 
 6056 29.10 
 6082 29.10 
 6108 29.10 
 6134 29.10 
 6160 29.10 
 6168 29.10 
 6191 29.10 
 6217 29.10 
 6243 29.10 
 6269 29.10 
 6295 29.10 
 6321 29.10 
 6347 29.10 
 6373 29.10 
 6399 29.10 
 6425 29.10 
 6451 29.10 
 6477 29.10 
 2993 29.30 
 3019 29.30 
 3045 29.30 
 3071 29.30 
 3097 29.30 
 3123 29.30 
 3149 29.30 
 3175 29.30 
 3201 29.30 
 3227 29.30 
 3253 29.30 
 3279 29.30 
 3305 29.30 
 3331 29.30 
 3357 29.30 
 3383 29.30 
 3409 29.30 
 3435 29.30 
 3461 29.30 
 3487 29.30 
 3513 29.30 
 3539 29.30 
 3565 29.30 
 3591 29.30 
 3617 29.30 
 3643 29.30 
 3669 29.30 
 3695 29.30 
 3721 29.30 
 3747 29.30 
 3773 29.30 
 3799 29.30 
 3825 29.30 
 3851 29.30 
 3877 29.30 
 3903 29.30 
 3929 29.30 
 3955 29.30 
 3981 29.30 
 4007 29.30 
 4033 29.30 
 4059 29.30 
 4085 29.30 
 4111 29.30 
 4137 29.30 
 4163 29.30 
 4189 29.30 
 4215 29.30 
 4241 29.30 
 4267 29.30 
 4293 29.30 
 4319 29.30 
 4345 29.30 
 4371 29.30 
 4397 29.30 
 4423 29.30 
 4449 29.30 
 4475 29.30 
 4501 29.30 
 4527 29.30 
 4553 29.30 
 4579 29.30 
 4605 29.30 
 4631 29.30 
 4657 29.30 
 4683 29.30 
 4709 29.30 
 4735 29.30 
 4761 29.30 
 4787 29.30 
 4813 29.30 
 4839 29.30 
 4865 29.30 
 4891 29.30 
 4917 29.30 
 4943 29.30 
 4969 29.30 
 4995 29.30 
 5021 29.30 
 5047 29.30 
 5068 29.30 
 5094 29.30 
 5120 29.30 
 5146 29.30 
 5172 29.30 
 5198 29.30 
 5224 29.30 
 5250 29.30 
 5276 29.30 
 5302 29.30 
 5328 29.30 
 5354 29.30 
 5380 29.30 
 5406 29.30 
 5432 29.30 
 5458 29.30 
 5484 29.30 
 5510 29.30 
 5536 29.30 
 5562 29.30 
 5588 29.30 
 5614 29.30 
 5640 29.30 
 5666 29.30 
 5692 29.30 
 5718 29.30 
 5744 29.30 
 5770 29.30 
 5796 29.30 
 5822 29.30 
 5848 29.30 
 5874 29.30 
 5900 29.30 
 5926 29.30 
 5952 29.30 
 5978 29.30 
 6004 29.30 
 6030 29.30 
 6056 29.30 
 6082 29.30 
 6108 29.30 
 6134 29.30 
 6160 29.30 
 6168 29.30 
 6191 29.30 
 6217 29.30 
 6243 29.30 
 6269 29.30 
 6295 29.30 
 6321 29.30 
 6347 29.30 
 6373 29.30 
 6399 29.30 
 6425 29.30 
 6451 29.30 
 6477 29.30 
 3413 29.50 
 3439 29.50 
 3465 29.50 
 3491 29.50 
 3517 29.50 
 3543 29.50 
 3569 29.50 
 3595 29.50 
 3621 29.50 
 3647 29.50 
 3673 29.50 
 3699 29.50 
 3725 29.50 
 3751 29.50 
 3777 29.50 
 3803 29.50 
 3829 29.50 
 3855 29.50 
 3881 29.50 
 3907 29.50 
 3933 29.50 
 3959 29.50 
 3985 29.50 
 4011 29.50 
 4037 29.50 
 4063 29.50 
 4089 29.50 
 4115 29.50 
 4141 29.50 
 4167 29.50 
 4193 29.50 
 4219 29.50 
 4245 29.50 
 4271 29.50 
 4297 29.50 
 4323 29.50 
 4349 29.50 
 4375 29.50 
 4401 29.50 
 4427 29.50 
 4453 29.50 
 4479 29.50 
 4505 29.50 
 4531 29.50 
 4557 29.50 
 4583 29.50 
 4609 29.50 
 4635 29.50 
 4661 29.50 
 4687 29.50 
 4713 29.50 
 4739 29.50 
 4765 29.50 
 4791 29.50 
 4817 29.50 
 4843 29.50 
 4869 29.50 
 4895 29.50 
 4921 29.50 
 4947 29.50 
 4973 29.50 
 4999 29.50 
 5025 29.50 
 5051 29.50 
 5077 29.50 
 5103 29.50 
 5129 29.50 
 5155 29.50 
 5181 29.50 
 5207 29.50 
 5233 29.50 
 5259 29.50 
 5285 29.50 
 5311 29.50 
 5337 29.50 
 5363 29.50 
 5389 29.50 
 5415 29.50 
 5441 29.50 
 5467 29.50 
 5510 29.50 
 5536 29.50 
 5562 29.50 
 5588 29.50 
 5614 29.50 
 5640 29.50 
 5666 29.50 
 5692 29.50 
 5718 29.50 
 5744 29.50 
 5770 29.50 
 5796 29.50 
 5822 29.50 
 5848 29.50 
 5874 29.50 
 5900 29.50 
 5926 29.50 
 5952 29.50 
 5978 29.50 
 6004 29.50 
 6030 29.50 
 6056 29.50 
 6082 29.50 
 6108 29.50 
 6134 29.50 
 6160 29.50 
 6168 29.50 
 6191 29.50 
 6217 29.50 
 6243 29.50 
 6269 29.50 
 6295 29.50 
 6321 29.50 
 6347 29.50 
 6373 29.50 
 6399 29.50 
 6425 29.50 
 6451 29.50 
 6477 29.50 
 3080 29.70 
 3106 29.70 
 3132 29.70 
 3158 29.70 
 3184 29.70 
 3210 29.70 
 3236 29.70 
 3262 29.70 
 3288 29.70 
 3314 29.70 
 3340 29.70 
 3366 29.70 
 3392 29.70 
 3418 29.70 
 3444 29.70 
 3470 29.70 
 3496 29.70 
 3522 29.70 
 3548 29.70 
 3574 29.70 
 3600 29.70 
 3626 29.70 
 3652 29.70 
 3678 29.70 
 3704 29.70 
 3730 29.70 
 3756 29.70 
 3782 29.70 
 3808 29.70 
 3834 29.70 
 3860 29.70 
 3886 29.70 
 3912 29.70 
 3938 29.70 
 3964 29.70 
 3990 29.70 
 4016 29.70 
 4042 29.70 
 4068 29.70 
 4094 29.70 
 4120 29.70 
 4146 29.70 
 4172 29.70 
 4198 29.70 
 4224 29.70 
 4250 29.70 
 4276 29.70 
 4302 29.70 
 4328 29.70 
 4354 29.70 
 4380 29.70 
 4406 29.70 
 4432 29.70 
 4458 29.70 
 4484 29.70 
 4510 29.70 
 4536 29.70 
 4562 29.70 
 4588 29.70 
 4614 29.70 
 4640 29.70 
 4666 29.70 
 4692 29.70 
 4718 29.70 
 4744 29.70 
 4770 29.70 
 4796 29.70 
 4822 29.70 
 4848 29.70 
 4874 29.70 
 4900 29.70 
 4926 29.70 
 4952 29.70 
 4978 29.70 
 5004 29.70 
 5030 29.70 
 5056 29.70 
 5077 29.70 
 5103 29.70 
 5129 29.70 
 5155 29.70 
 5181 29.70 
 5207 29.70 
 5233 29.70 
 5259 29.70 
 5285 29.70 
 5311 29.70 
 5337 29.70 
 5363 29.70 
 5389 29.70 
 5415 29.70 
 5441 29.70 
 5467 29.70 
 5510 29.70 
 5536 29.70 
 5562 29.70 
 5588 29.70 
 5614 29.70 
 5640 29.70 
 5666 29.70 
 5692 29.70 
 5718 29.70 
 5744 29.70 
 5770 29.70 
 5796 29.70 
 5822 29.70 
 5848 29.70 
 5874 29.70 
 5900 29.70 
 5926 29.70 
 5952 29.70 
 5978 29.70 
 6004 29.70 
 6030 29.70 
 6056 29.70 
 6082 29.70 
 6108 29.70 
 6134 29.70 
 6160 29.70 
 6168 29.70 
 6191 29.70 
 6217 29.70 
 6243 29.70 
 6269 29.70 
 6295 29.70 
 6321 29.70 
 6347 29.70 
 6373 29.70 
 6399 29.70 
 6425 29.70 
 6451 29.70 
 6477 29.70 
 3578 30.00 
 3604 30.00 
 3630 30.00 
 3656 30.00 
 3682 30.00 
 3708 30.00 
 3734 30.00 
 3760 30.00 
 3786 30.00 
 3812 30.00 
 3838 30.00 
 3864 30.00 
 3890 30.00 
 3916 30.00 
 3942 30.00 
 3968 30.00 
 3994 30.00 
 4020 30.00 
 4046 30.00 
 4072 30.00 
 4098 30.00 
 4124 30.00 
 4150 30.00 
 4176 30.00 
 4202 30.00 
 4228 30.00 
 4254 30.00 
 4280 30.00 
 4306 30.00 
 4332 30.00 
 4358 30.00 
 4384 30.00 
 4410 30.00 
 4436 30.00 
 4462 30.00 
 4488 30.00 
 4514 30.00 
 4540 30.00 
 4566 30.00 
 4592 30.00 
 4618 30.00 
 4644 30.00 
 4670 30.00 
 4696 30.00 
 4722 30.00 
 4748 30.00 
 4774 30.00 
 4800 30.00 
 4826 30.00 
 4852 30.00 
 4878 30.00 
 4904 30.00 
 4930 30.00 
 4956 30.00 
 4982 30.00 
 5008 30.00 
 5034 30.00 
 5060 30.00 
 5086 30.00 
 5112 30.00 
 5138 30.00 
 5164 30.00 
 5190 30.00 
 5216 30.00 
 5242 30.00 
 5268 30.00 
 5294 30.00 
 5320 30.00 
 5346 30.00 
 5372 30.00 
 5398 30.00 
 5424 30.00 
 5450 30.00 
 5476 30.00 
 5502 30.00 
 5528 30.00 
 5554 30.00 
 5580 30.00 
 5614 30.00 
 5640 30.00 
 5666 30.00 
 5692 30.00 
 5718 30.00 
 5744 30.00 
 5770 30.00 
 5796 30.00 
 5822 30.00 
 5848 30.00 
 5874 30.00 
 5900 30.00 
 5926 30.00 
 5952 30.00 
 5978 30.00 
 6004 30.00 
 6030 30.00 
 6056 30.00 
 6082 30.00 
 6108 30.00 
 6134 30.00 
 6160 30.00 
 6168 30.00 
 6191 30.00 
 6217 30.00 
 6243 30.00 
 6269 30.00 
 6295 30.00 
 6321 30.00 
 6347 30.00 
 6373 30.00 
 6399 30.00 
 6425 30.00 
 6451 30.00 
 6477 30.00 
 3115 30.20 
 3141 30.20 
 3167 30.20 
 3193 30.20 
 3219 30.20 
 3245 30.20 
 3271 30.20 
 3297 30.20 
 3323 30.20 
 3349 30.20 
 3375 30.20 
 3401 30.20 
 3427 30.20 
 3453 30.20 
 3479 30.20 
 3505 30.20 
 3531 30.20 
 3557 30.20 
 3583 30.20 
 3609 30.20 
 3635 30.20 
 3661 30.20 
 3687 30.20 
 3713 30.20 
 3739 30.20 
 3765 30.20 
 3791 30.20 
 3817 30.20 
 3843 30.20 
 3869 30.20 
 3895 30.20 
 3921 30.20 
 3947 30.20 
 3973 30.20 
 3999 30.20 
 4025 30.20 
 4051 30.20 
 4077 30.20 
 4103 30.20 
 4129 30.20 
 4155 30.20 
 4181 30.20 
 4207 30.20 
 4233 30.20 
 4259 30.20 
 4285 30.20 
 4311 30.20 
 4337 30.20 
 4363 30.20 
 4389 30.20 
 4415 30.20 
 4441 30.20 
 4467 30.20 
 4493 30.20 
 4519 30.20 
 4545 30.20 
 4571 30.20 
 4597 30.20 
 4623 30.20 
 4649 30.20 
 4675 30.20 
 4701 30.20 
 4727 30.20 
 4753 30.20 
 4779 30.20 
 4805 30.20 
 4831 30.20 
 4857 30.20 
 4883 30.20 
 4909 30.20 
 4935 30.20 
 4961 30.20 
 4987 30.20 
 5013 30.20 
 5039 30.20 
 5065 30.20 
 5086 30.20 
 5112 30.20 
 5138 30.20 
 5164 30.20 
 5190 30.20 
 5216 30.20 
 5242 30.20 
 5268 30.20 
 5294 30.20 
 5320 30.20 
 5346 30.20 
 5372 30.20 
 5398 30.20 
 5424 30.20 
 5450 30.20 
 5476 30.20 
 5502 30.20 
 5528 30.20 
 5554 30.20 
 5580 30.20 
 5614 30.20 
 5640 30.20 
 5666 30.20 
 5692 30.20 
 5718 30.20 
 5744 30.20 
 5770 30.20 
 5796 30.20 
 5822 30.20 
 5848 30.20 
 5874 30.20 
 5900 30.20 
 5926 30.20 
 5952 30.20 
 5978 30.20 
 6004 30.20 
 6030 30.20 
 6056 30.20 
 6082 30.20 
 6108 30.20 
 6134 30.20 
 6160 30.20 
 6168 30.20 
 6191 30.20 
 6217 30.20 
 6243 30.20 
 6269 30.20 
 6295 30.20 
 6321 30.20 
 6347 30.20 
 6373 30.20 
 6399 30.20 
 6425 30.20 
 6451 30.20 
 6477 30.20 
 3383 30.40 
 3409 30.40 
 3435 30.40 
 3461 30.40 
 3487 30.40 
 3513 30.40 
 3539 30.40 
 3565 30.40 
 3591 30.40 
 3617 30.40 
 3643 30.40 
 3669 30.40 
 3695 30.40 
 3721 30.40 
 3747 30.40 
 3773 30.40 
 3799 30.40 
 3825 30.40 
 3851 30.40 
 3877 30.40 
 3903 30.40 
 3929 30.40 
 3955 30.40 
 3981 30.40 
 4007 30.40 
 4033 30.40 
 4059 30.40 
 4085 30.40 
 4111 30.40 
 4137 30.40 
 4163 30.40 
 4189 30.40 
 4215 30.40 
 4241 30.40 
 4267 30.40 
 4293 30.40 
 4319 30.40 
 4345 30.40 
 4371 30.40 
 4397 30.40 
 4423 30.40 
 4449 30.40 
 4475 30.40 
 4501 30.40 
 4527 30.40 
 4553 30.40 
 4579 30.40 
 4605 30.40 
 4631 30.40 
 4657 30.40 
 4683 30.40 
 4709 30.40 
 4735 30.40 
 4761 30.40 
 4787 30.40 
 4813 30.40 
 4839 30.40 
 4865 30.40 
 4891 30.40 
 4917 30.40 
 4943 30.40 
 4969 30.40 
 4995 30.40 
 5021 30.40 
 5047 30.40 
 5073 30.40 
 5099 30.40 
 5125 30.40 
 5151 30.40 
 5177 30.40 
 5203 30.40 
 5229 30.40 
 5255 30.40 
 5281 30.40 
 5307 30.40 
 5333 30.40 
 5372 30.40 
 5398 30.40 
 5424 30.40 
 5450 30.40 
 5476 30.40 
 5502 30.40 
 5528 30.40 
 5554 30.40 
 5580 30.40 
 5614 30.40 
 5640 30.40 
 5666 30.40 
 5692 30.40 
 5718 30.40 
 5744 30.40 
 5770 30.40 
 5796 30.40 
 5822 30.40 
 5848 30.40 
 5874 30.40 
 5900 30.40 
 5926 30.40 
 5952 30.40 
 5978 30.40 
 6004 30.40 
 6030 30.40 
 6056 30.40 
 6082 30.40 
 6108 30.40 
 6134 30.40 
 6160 30.40 
 6168 30.40 
 6191 30.40 
 6217 30.40 
 6243 30.40 
 6269 30.40 
 6295 30.40 
 6321 30.40 
 6347 30.40 
 6373 30.40 
 6399 30.40 
 6425 30.40 
 6451 30.40 
 6477 30.40 
 3489 30.60 
 3515 30.60 
 3541 30.60 
 3567 30.60 
 3593 30.60 
 3619 30.60 
 3645 30.60 
 3671 30.60 
 3697 30.60 
 3723 30.60 
 3749 30.60 
 3775 30.60 
 3801 30.60 
 3827 30.60 
 3853 30.60 
 3879 30.60 
 3905 30.60 
 3931 30.60 
 3957 30.60 
 3983 30.60 
 4009 30.60 
 4035 30.60 
 4061 30.60 
 4087 30.60 
 4113 30.60 
 4139 30.60 
 4165 30.60 
 4191 30.60 
 4217 30.60 
 4243 30.60 
 4269 30.60 
 4295 30.60 
 4321 30.60 
 4347 30.60 
 4373 30.60 
 4399 30.60 
 4425 30.60 
 4451 30.60 
 4477 30.60 
 4503 30.60 
 4529 30.60 
 4555 30.60 
 4581 30.60 
 4607 30.60 
 4633 30.60 
 4659 30.60 
 4685 30.60 
 4711 30.60 
 4737 30.60 
 4763 30.60 
 4789 30.60 
 4815 30.60 
 4841 30.60 
 4867 30.60 
 4893 30.60 
 4919 30.60 
 4945 30.60 
 4971 30.60 
 4997 30.60 
 5023 30.60 
 5049 30.60 
 5075 30.60 
 5101 30.60 
 5127 30.60 
 5153 30.60 
 5179 30.60 
 5205 30.60 
 5231 30.60 
 5257 30.60 
 5283 30.60 
 5309 30.60 
 5335 30.60 
 5361 30.60 
 5387 30.60 
 5413 30.60 
 5439 30.60 
 5465 30.60 
 5476 30.60 
 5502 30.60 
 5528 30.60 
 5554 30.60 
 5580 30.60 
 5614 30.60 
 5640 30.60 
 5666 30.60 
 5692 30.60 
 5718 30.60 
 5744 30.60 
 5770 30.60 
 5796 30.60 
 5822 30.60 
 5848 30.60 
 5874 30.60 
 5900 30.60 
 5926 30.60 
 5952 30.60 
 5978 30.60 
 6004 30.60 
 6030 30.60 
 6056 30.60 
 6082 30.60 
 6108 30.60 
 6134 30.60 
 6160 30.60 
 6168 30.60 
 6191 30.60 
 6217 30.60 
 6243 30.60 
 6269 30.60 
 6295 30.60 
 6321 30.60 
 6347 30.60 
 6373 30.60 
 6399 30.60 
 6425 30.60 
 6451 30.60 
 6477 30.60 
 3272 30.80 
 3298 30.80 
 3324 30.80 
 3350 30.80 
 3376 30.80 
 3402 30.80 
 3428 30.80 
 3454 30.80 
 3480 30.80 
 3506 30.80 
 3532 30.80 
 3558 30.80 
 3584 30.80 
 3610 30.80 
 3636 30.80 
 3662 30.80 
 3688 30.80 
 3714 30.80 
 3740 30.80 
 3766 30.80 
 3792 30.80 
 3818 30.80 
 3844 30.80 
 3870 30.80 
 3896 30.80 
 3922 30.80 
 3948 30.80 
 3974 30.80 
 4000 30.80 
 4026 30.80 
 4052 30.80 
 4078 30.80 
 4104 30.80 
 4130 30.80 
 4156 30.80 
 4182 30.80 
 4208 30.80 
 4234 30.80 
 4260 30.80 
 4286 30.80 
 4312 30.80 
 4338 30.80 
 4364 30.80 
 4390 30.80 
 4416 30.80 
 4442 30.80 
 4468 30.80 
 4494 30.80 
 4520 30.80 
 4546 30.80 
 4572 30.80 
 4598 30.80 
 4624 30.80 
 4650 30.80 
 4676 30.80 
 4702 30.80 
 4728 30.80 
 4754 30.80 
 4780 30.80 
 4806 30.80 
 4832 30.80 
 4858 30.80 
 4884 30.80 
 4910 30.80 
 4936 30.80 
 4962 30.80 
 4988 30.80 
 5014 30.80 
 5040 30.80 
 5066 30.80 
 5092 30.80 
 5118 30.80 
 5144 30.80 
 5170 30.80 
 5196 30.80 
 5222 30.80 
 5248 30.80 
 5274 30.80 
 5300 30.80 
 5326 30.80 
 5361 30.80 
 5387 30.80 
 5413 30.80 
 5439 30.80 
 5465 30.80 
 5476 30.80 
 5502 30.80 
 5528 30.80 
 5554 30.80 
 5580 30.80 
 5614 30.80 
 5640 30.80 
 5666 30.80 
 5692 30.80 
 5718 30.80 
 5744 30.80 
 5770 30.80 
 5796 30.80 
 5822 30.80 
 5848 30.80 
 5874 30.80 
 5900 30.80 
 5926 30.80 
 5952 30.80 
 5978 30.80 
 6004 30.80 
 6030 30.80 
 6056 30.80 
 6082 30.80 
 6108 30.80 
 6134 30.80 
 6160 30.80 
 6168 30.80 
 6191 30.80 
 6217 30.80 
 6243 30.80 
 6269 30.80 
 6295 30.80 
 6321 30.80 
 6347 30.80 
 6373 30.80 
 6399 30.80 
 6425 30.80 
 6451 30.80 
 6477 30.80 
 3042 31.00 
 3068 31.00 
 3094 31.00 
 3120 31.00 
 3146 31.00 
 3172 31.00 
 3198 31.00 
 3224 31.00 
 3250 31.00 
 3276 31.00 
 3302 31.00 
 3328 31.00 
 3354 31.00 
 3380 31.00 
 3406 31.00 
 3432 31.00 
 3458 31.00 
 3484 31.00 
 3510 31.00 
 3536 31.00 
 3562 31.00 
 3588 31.00 
 3614 31.00 
 3640 31.00 
 3666 31.00 
 3692 31.00 
 3718 31.00 
 3744 31.00 
 3770 31.00 
 3796 31.00 
 3822 31.00 
 3848 31.00 
 3874 31.00 
 3900 31.00 
 3926 31.00 
 3952 31.00 
 3978 31.00 
 4004 31.00 
 4030 31.00 
 4056 31.00 
 4082 31.00 
 4108 31.00 
 4134 31.00 
 4160 31.00 
 4186 31.00 
 4212 31.00 
 4238 31.00 
 4264 31.00 
 4290 31.00 
 4316 31.00 
 4342 31.00 
 4368 31.00 
 4394 31.00 
 4420 31.00 
 4446 31.00 
 4472 31.00 
 4498 31.00 
 4524 31.00 
 4550 31.00 
 4576 31.00 
 4602 31.00 
 4628 31.00 
 4654 31.00 
 4680 31.00 
 4706 31.00 
 4732 31.00 
 4758 31.00 
 4784 31.00 
 4810 31.00 
 4836 31.00 
 4862 31.00 
 4888 31.00 
 4914 31.00 
 4940 31.00 
 4966 31.00 
 4992 31.00 
 5018 31.00 
 5044 31.00 
 5070 31.00 
 5096 31.00 
 5118 31.00 
 5144 31.00 
 5170 31.00 
 5196 31.00 
 5222 31.00 
 5248 31.00 
 5274 31.00 
 5300 31.00 
 5326 31.00 
 5361 31.00 
 5387 31.00 
 5413 31.00 
 5439 31.00 
 5465 31.00 
 5476 31.00 
 5502 31.00 
 5528 31.00 
 5554 31.00 
 5580 31.00 
 5614 31.00 
 5640 31.00 
 5666 31.00 
 5692 31.00 
 5718 31.00 
 5744 31.00 
 5770 31.00 
 5796 31.00 
 5822 31.00 
 5848 31.00 
 5874 31.00 
 5900 31.00 
 5926 31.00 
 5952 31.00 
 5978 31.00 
 6004 31.00 
 6030 31.00 
 6056 31.00 
 6082 31.00 
 6108 31.00 
 6134 31.00 
 6160 31.00 
 6168 31.00 
 6191 31.00 
 6217 31.00 
 6243 31.00 
 6269 31.00 
 6295 31.00 
 6321 31.00 
 6347 31.00 
 6373 31.00 
 6399 31.00 
 6425 31.00 
 6451 31.00 
 6477 31.00 
 4114 31.20 
 4140 31.20 
 4166 31.20 
 4192 31.20 
 4218 31.20 
 4244 31.20 
 4270 31.20 
 4296 31.20 
 4322 31.20 
 4348 31.20 
 4374 31.20 
 4400 31.20 
 4426 31.20 
 4452 31.20 
 4478 31.20 
 4504 31.20 
 4530 31.20 
 4556 31.20 
 4582 31.20 
 4608 31.20 
 4634 31.20 
 4660 31.20 
 4686 31.20 
 4712 31.20 
 4738 31.20 
 4764 31.20 
 4790 31.20 
 4816 31.20 
 4842 31.20 
 4868 31.20 
 4894 31.20 
 4920 31.20 
 4946 31.20 
 4972 31.20 
 4998 31.20 
 5024 31.20 
 5050 31.20 
 5076 31.20 
 5102 31.20 
 5128 31.20 
 5154 31.20 
 5180 31.20 
 5206 31.20 
 5232 31.20 
 5258 31.20 
 5284 31.20 
 5310 31.20 
 5336 31.20 
 5362 31.20 
 5388 31.20 
 5414 31.20 
 5440 31.20 
 5466 31.20 
 5492 31.20 
 5518 31.20 
 5544 31.20 
 5570 31.20 
 5596 31.20 
 5622 31.20 
 5648 31.20 
 5674 31.20 
 5700 31.20 
 5726 31.20 
 5752 31.20 
 5778 31.20 
 5804 31.20 
 5830 31.20 
 5856 31.20 
 5882 31.20 
 5908 31.20 
 5934 31.20 
 5960 31.20 
 5986 31.20 
 6012 31.20 
 6038 31.20 
 6064 31.20 
 6090 31.20 
 6116 31.20 
 6142 31.20 
 6168 31.20 
 6191 31.20 
 6217 31.20 
 6243 31.20 
 6269 31.20 
 6295 31.20 
 6321 31.20 
 6347 31.20 
 6373 31.20 
 6399 31.20 
 6425 31.20 
 6451 31.20 
 6477 31.20 
 2098 31.40 
 2124 31.40 
 2150 31.40 
 2176 31.40 
 2202 31.40 
 2228 31.40 
 2254 31.40 
 2280 31.40 
 2306 31.40 
 2332 31.40 
 2358 31.40 
 2384 31.40 
 2410 31.40 
 2436 31.40 
 2462 31.40 
 2488 31.40 
 2514 31.40 
 2540 31.40 
 2566 31.40 
 2592 31.40 
 2618 31.40 
 2644 31.40 
 2670 31.40 
 2696 31.40 
 2722 31.40 
 2748 31.40 
 2774 31.40 
 2800 31.40 
 2826 31.40 
 2852 31.40 
 2878 31.40 
 2904 31.40 
 2930 31.40 
 2956 31.40 
 2982 31.40 
 3008 31.40 
 3034 31.40 
 3060 31.40 
 3086 31.40 
 3112 31.40 
 3138 31.40 
 3164 31.40 
 3190 31.40 
 3216 31.40 
 3242 31.40 
 3268 31.40 
 3294 31.40 
 3320 31.40 
 3346 31.40 
 3372 31.40 
 3398 31.40 
 3424 31.40 
 3450 31.40 
 3476 31.40 
 3502 31.40 
 3528 31.40 
 3554 31.40 
 3580 31.40 
 3606 31.40 
 3632 31.40 
 3658 31.40 
 3684 31.40 
 3710 31.40 
 3736 31.40 
 3762 31.40 
 3788 31.40 
 3814 31.40 
 3840 31.40 
 3866 31.40 
 3892 31.40 
 3918 31.40 
 3944 31.40 
 3970 31.40 
 3996 31.40 
 4022 31.40 
 4048 31.40 
 4074 31.40 
 4100 31.40 
 4126 31.40 
 4166 31.40 
 4192 31.40 
 4218 31.40 
 4244 31.40 
 4270 31.40 
 4296 31.40 
 4322 31.40 
 4348 31.40 
 4374 31.40 
 4400 31.40 
 4426 31.40 
 4452 31.40 
 4478 31.40 
 4504 31.40 
 4530 31.40 
 4556 31.40 
 4582 31.40 
 4608 31.40 
 4634 31.40 
 4660 31.40 
 4686 31.40 
 4712 31.40 
 4738 31.40 
 4764 31.40 
 4790 31.40 
 4816 31.40 
 4842 31.40 
 4868 31.40 
 4894 31.40 
 4920 31.40 
 4946 31.40 
 4972 31.40 
 4998 31.40 
 5024 31.40 
 5050 31.40 
 5076 31.40 
 5102 31.40 
 5128 31.40 
 5154 31.40 
 5180 31.40 
 5206 31.40 
 5232 31.40 
 5258 31.40 
 5284 31.40 
 5310 31.40 
 5336 31.40 
 5362 31.40 
 5388 31.40 
 5414 31.40 
 5440 31.40 
 5466 31.40 
 5492 31.40 
 5518 31.40 
 5544 31.40 
 5570 31.40 
 5596 31.40 
 5622 31.40 
 5648 31.40 
 5674 31.40 
 5700 31.40 
 5726 31.40 
 5752 31.40 
 5778 31.40 
 5804 31.40 
 5830 31.40 
 5856 31.40 
 5882 31.40 
 5908 31.40 
 5934 31.40 
 5960 31.40 
 5986 31.40 
 6012 31.40 
 6038 31.40 
 6064 31.40 
 6090 31.40 
 6116 31.40 
 6142 31.40 
 6168 31.40 
 6191 31.40 
 6217 31.40 
 6243 31.40 
 6269 31.40 
 6295 31.40 
 6321 31.40 
 6347 31.40 
 6373 31.40 
 6399 31.40 
 6425 31.40 
 6451 31.40 
 6477 31.40 
 4448 31.60 
 4474 31.60 
 4500 31.60 
 4526 31.60 
 4552 31.60 
 4578 31.60 
 4604 31.60 
 4630 31.60 
 4656 31.60 
 4682 31.60 
 4708 31.60 
 4734 31.60 
 4760 31.60 
 4786 31.60 
 4812 31.60 
 4838 31.60 
 4864 31.60 
 4890 31.60 
 4916 31.60 
 4942 31.60 
 4968 31.60 
 4994 31.60 
 5020 31.60 
 5046 31.60 
 5072 31.60 
 5098 31.60 
 5124 31.60 
 5150 31.60 
 5176 31.60 
 5202 31.60 
 5228 31.60 
 5254 31.60 
 5280 31.60 
 5306 31.60 
 5332 31.60 
 5358 31.60 
 5384 31.60 
 5410 31.60 
 5436 31.60 
 5462 31.60 
 5488 31.60 
 5514 31.60 
 5540 31.60 
 5566 31.60 
 5592 31.60 
 5618 31.60 
 5644 31.60 
 5670 31.60 
 5696 31.60 
 5722 31.60 
 5748 31.60 
 5774 31.60 
 5800 31.60 
 5826 31.60 
 5852 31.60 
 5878 31.60 
 5904 31.60 
 5930 31.60 
 5956 31.60 
 5982 31.60 
 6008 31.60 
 6034 31.60 
 6060 31.60 
 6086 31.60 
 6112 31.60 
 6138 31.60 
 6164 31.60 
 6190 31.60 
 6216 31.60 
 6242 31.60 
 6268 31.60 
 6294 31.60 
 6320 31.60 
 6346 31.60 
 6372 31.60 
 6398 31.60 
 6424 31.60 
 6450 31.60 
 6476 31.60 
 6502 31.60 
 2240 31.80 
 2266 31.80 
 2292 31.80 
 2318 31.80 
 2344 31.80 
 2370 31.80 
 2396 31.80 
 2422 31.80 
 2448 31.80 
 2474 31.80 
 2500 31.80 
 2526 31.80 
 2552 31.80 
 2578 31.80 
 2604 31.80 
 2630 31.80 
 2656 31.80 
 2682 31.80 
 2708 31.80 
 2734 31.80 
 2760 31.80 
 2786 31.80 
 2812 31.80 
 2838 31.80 
 2864 31.80 
 2890 31.80 
 2916 31.80 
 2942 31.80 
 2968 31.80 
 2994 31.80 
 3020 31.80 
 3046 31.80 
 3072 31.80 
 3098 31.80 
 3124 31.80 
 3150 31.80 
 3176 31.80 
 3202 31.80 
 3228 31.80 
 3254 31.80 
 3280 31.80 
 3306 31.80 
 3332 31.80 
 3358 31.80 
 3384 31.80 
 3410 31.80 
 3436 31.80 
 3462 31.80 
 3488 31.80 
 3514 31.80 
 3540 31.80 
 3566 31.80 
 3592 31.80 
 3618 31.80 
 3644 31.80 
 3670 31.80 
 3696 31.80 
 3722 31.80 
 3748 31.80 
 3774 31.80 
 3800 31.80 
 3826 31.80 
 3852 31.80 
 3878 31.80 
 3904 31.80 
 3930 31.80 
 3956 31.80 
 3982 31.80 
 4008 31.80 
 4034 31.80 
 4060 31.80 
 4086 31.80 
 4112 31.80 
 4138 31.80 
 4164 31.80 
 4448 31.80 
 4474 31.80 
 4500 31.80 
 4526 31.80 
 4552 31.80 
 4578 31.80 
 4604 31.80 
 4630 31.80 
 4656 31.80 
 4682 31.80 
 4708 31.80 
 4734 31.80 
 4760 31.80 
 4786 31.80 
 4812 31.80 
 4838 31.80 
 4864 31.80 
 4890 31.80 
 4916 31.80 
 4942 31.80 
 4968 31.80 
 4994 31.80 
 5020 31.80 
 5046 31.80 
 5072 31.80 
 5098 31.80 
 5124 31.80 
 5150 31.80 
 5176 31.80 
 5202 31.80 
 5228 31.80 
 5254 31.80 
 5280 31.80 
 5306 31.80 
 5332 31.80 
 5358 31.80 
 5384 31.80 
 5410 31.80 
 5436 31.80 
 5462 31.80 
 5488 31.80 
 5514 31.80 
 5540 31.80 
 5566 31.80 
 5592 31.80 
 5618 31.80 
 5644 31.80 
 5670 31.80 
 5696 31.80 
 5722 31.80 
 5748 31.80 
 5774 31.80 
 5800 31.80 
 5826 31.80 
 5852 31.80 
 5878 31.80 
 5904 31.80 
 5930 31.80 
 5956 31.80 
 5982 31.80 
 6008 31.80 
 6034 31.80 
 6060 31.80 
 6086 31.80 
 6112 31.80 
 6138 31.80 
 6164 31.80 
 6190 31.80 
 6216 31.80 
 6242 31.80 
 6268 31.80 
 6294 31.80 
 6320 31.80 
 6346 31.80 
 6372 31.80 
 6398 31.80 
 6424 31.80 
 6450 31.80 
 6476 31.80 
 6502 31.80 
