501
  3
  0
0.2000000000000
0.2000000000000
0.7000000000000
0.4000000000000
0.2000000000000
0.9990000000000
140.0000000000000
120.0000000000000
600.0000000000000
200.0000000000000
0.0002000000000
0.0000025000000
0.0200000000000
0.0125000000000
0.0040000000000
0.0080000000000
0.0300000000000
0.0025000000000
0.0300000000000
0.0025000000000
0.0070000000000
0.0040000000000
0.0080000000000
0.0005000000000
0.0005000000000
0.0000500000000
0.0001000000000
0.0000012500000
0.0000006000000
0.9990000000000
