502
  3
  0
0.2000000000000
0.0000000000000
0.7000000000000
0.4000000000000
0.0000000000000
0.9990000000000
140.0000000000000
140.0000000000000
750.0000000000000
322.0000000000000
0.0002000000000
0.0000025000000
0.0150000000000
0.0125000000000
0.0040000000000
0.0170000000000
0.0300000000000
0.0025000000000
0.0300000000000
0.0025000000000
0.0070000000000
0.0040000000000
0.0125000000000
0.0040000000000
0.0125000000000
0.0050000000000
0.0100000000000
0.0000000000000
0.0000000000000
0.9990000000000
